21006540: 25 34 307 82 27
3040: 579 5 7 113 25 1
313997964: 683 8 1 65 50 7 581 6 2
3271266: 4 95 3 2 17 7 3 2 2 8
10282: 9 3 7 35 587
2453134: 2 444 1 7 784
415875: 630 330 9 2 27 27 3
72142: 6 6 2 144 1
1651601: 2 27 38 5 326 601
7624420281: 8 9 44 6 270 916 437 1
113837: 199 6 164 65 80
12739906141957: 9 4 5 55 3 5 484 86 9 5 8
32982: 1 13 55 2 46
2409169969: 4 669 849 6 5 1 3 3 8 1 4
1908: 3 286 901 1 131 1 6 7 3
4027776: 2 2 300 22 42 7 7 92 9 7
680029: 16 182 9 6 7 7
840365: 8 77 28 13 31 63
2124871: 35 18 8 1 333
6920395595: 768 924 7 5 9 1 3 9 3 6
1453: 24 774 81 1 7 12 554
63376011440420: 489 6 9 6 7 3 430 8 420
6019752: 720 5 47 2 9 9 1 9 4 7 4 6
879537: 91 4 892 48 7
25065934: 643 8 9 8 486
3162431: 7 9 9 4 81 720 92 8 6 33
31675: 1 200 4 6 64 944 26 6 1
1338679: 9 859 52 4 43
1188156: 99 24 5 2 13 5
3752: 65 76 9 5 5
2545320: 39 3 2 8 217 287 60
48411: 9 1 62 16 76 75
23041864: 89 4 6 4 2 1 493 8 127
22410125397: 287 3 4 372 25 78
48469384739103: 760 9 98 84 2 1 4 325 2
94089: 2 801 82 1 72 98 303
1781386252870: 836 296 857 84 70
842184572761: 2 1 484 3 5 56 9 7 7 7 2 7
133427407696488: 13 342 740 7 69 6 48 8
9110979: 5 9 2 36 4 8 2 125 81 1 9
8910566: 6 95 319 8 7 61 8 7 18 3
51357096: 3 3 870 937 8 5 3 2 7
34446426337: 5 29 4 464 2 63 34
3774387: 9 4 80 94 386
12236656: 4 3 4 89 92 4 701
303317: 2 300 56 75 4
775: 67 19 35 34 5
50310516: 779 9 586 6 4 27 87 5
6496490884: 7 1 2 9 643 5 306 8 2 8 1
2832005402: 6 9 8 6 3 775 3 7 75 56
8586378: 20 1 678 211 966 3
1119486: 38 1 982 3 7
1610081198: 142 7 325 623 8
106848644: 35 64 477 5 92 53
268950872: 827 6 661 82 548
1128001681: 8 813 4 720 68 85 27 1
14455944: 8 6 9 66 8 34 1 236 9 41
4876: 8 7 45 58 903
483548290: 302 2 435 31 8 40
297919: 2 97 8 31 86
5462: 54 53 9
59689244: 215 83 2 89 245
5760: 10 950 6
5133911: 85 5 651 1 6
2871090: 30 8 5 70 73 9
1617: 90 5 9 455 703
6280016: 42 32 674 4 778
358324443: 3 55 34 9 9 3 9 4 43 7 1 9
128522528: 304 5 7 5 2 5 8 4 46 262
29725099907: 91 9 732 316 46 788
17430: 60 7 107 25 3 4
68861: 6 834 12 66 75 9
395388218061: 207 717 6 185 82 4 24
671680: 8 3 56 22 7 173 8
2078072263003: 45 7 928 3 8 7 143 7
23591001606: 2 270 97 6 6 8 8 3 8 45 8
5028844: 2 3 645 992 8 1 977 38
94156170: 793 253 178 9 8 9
653437159: 8 8 903 735 9 95 2
3187533: 31 1 8 75 33
6465002135: 30 9 5 9 4 17 208 85 37
41084417: 972 1 1 6 7 6 8 410 1 3 5
60327030962: 9 183 95 1 2 9 34 630
282131: 3 35 36 475 1 3 8 906 1
1022: 9 4 5 598 60
4718700332943: 269 2 7 8 8 1 649 98 9 3
26119: 98 4 7 817 1 8 774 9 6 7
503041408658: 5 8 1 192 3 5 17 8 8 695
13044655: 4 4 305 82 8
19605: 73 2 2 580 3 58 21 8 4
161523933627: 4 74 8 4 706 1 966 6 15
48946195: 3 43 268 27 8 445 90 4
318503: 401 862 7 4 5 50 3
29960: 298 2 6 1 79
54432: 18 503 1 6 1 8 3 3 5 2 1 8
637403878: 5 29 5 5 609 49 8 115
14447102: 8 9 9 4 29 66 6 2 7 2 2 32
3389068798: 584 26 6 496 75
580304: 66 7 87 1 7
536740859878: 7 6 6 7 724 2 5 696 7 3
1876678: 40 1 195 24
30988: 67 576 48 94 27
23031904: 7 2 2 7 7 89 8 5 873 4
73175223: 2 39 3 9 8 3 1 4 4 856 3 1
2880: 2 1 2 10 9 8
362226: 53 3 6 7 89 4 1 98 7 9 4 5
12825653249: 12 9 2 4 9 4 7 624 1 930
119: 26 5 1 85 2
331875: 3 910 355 233 74
574350655: 7 347 311 75 65 5
3833636857: 931 3 1 7 264 4 368 55
16823: 2 1 922 757 3
106905191: 2 3 8 6 3 7 148 9 7 4 9 1
464946: 28 8 240 540 396 9
11098882298: 842 822 667 2 298
22417725: 3 474 3 9 239
2708076: 4 51 275 6 6 390
1223586: 5 22 83 6 91
1191895808: 433 4 95 957 4 30 36 2
3738722521: 9 3 183 3 5 9 45 4 6 1 7 7
118272019: 8 33 5 8 7 200 8 5 9 5
3517931104: 2 4 3 2 9 5 5 9 24 555 2 1
18725: 214 4 81 980 86
1354914: 50 499 1 139 54 54
5843988: 8 46 283 1 85 2 3 68
20169406713231: 521 1 733 387 323 1
744800781612: 1 919 6 4 3 735 809
1073511148: 153 2 2 3 5 8 7 10 3 5 7 3
3765387711: 7 5 7 90 964 2 4 5 6 3 6 3
885288: 51 5 3 573 6
106496424722: 26 9 30 7 1 84 645 4
307722: 1 5 155 6 5 1 3 215 2 3 9
424903131831: 2 3 399 3 6 467 82 19 4
4496526097: 707 636 609 1 5
6502368: 430 97 511 2 154 26
241927984079015: 40 321 3 3 6 407 901 6
517438860: 900 7 6 4 4 8 5 4 2 2 205
2204113: 22 5 201 1 2 9 3
1171449: 918 154 2 992 51
37502: 1 4 808 5 4 869 9 3 509
341910332: 684 495 5 580 3 4 26 3
517919876: 225 23 8 2 337 875
20889447610522: 29 72 9 4 47 6 105 11 9
686554: 4 682 131 420 3
422432339989: 80 132 8 8 6 783 16 8 5
1798207863: 364 6 486 7 76 8 95
2895657: 579 5 656
2226125: 1 4 39 6 21 23 7 31 23 1
74874120: 886 248 490 34 10
88183: 9 27 377 3 56 1 46
20224434: 4 64 79 424 7
1326312959: 202 8 654 9 60
122921784: 1 8 3 3 2 2 347 6 5 7 9 8
11486471: 1 700 447 6 472
1636: 648 214 6 157 611
326862: 9 7 9 345 2 5 156 5 3 34
1611934626601: 67 2 422 230 426 565
747063553: 4 1 8 1 5 5 4 3 4 3 3 550
144369984: 594 344 735 44 16
8047003: 203 54 11 3 639 8 605
66526096669: 336 4 2 671 394 421 7
30115: 1 286 6 25 95
19459406871: 654 58 567 57 9
107920042: 33 53 23 99 99 7 7 65
10886538069: 27 9 5 6 2 7 2 390 3 3 3 2
10757568077: 7 4 7 3 2 4 1 1 5 5 680 74
161169: 8 50 846 37 93
107336: 33 74 3 37 2
8112: 6 6 126 5 5 1 7 8 3 7 501
90895: 6 992 4 15 6 708 3 4
16482: 1 15 2 969 9
34835544666: 754 66 7 3 638 7 8
793985902: 7 86 7 985 901
114481765103: 572 3 1 5 2 88 17 8 5 2 2
33518397499: 33 517 47 83 9 74 96 1
1931715: 374 514 899 36 3
33334170: 75 351 782 63 146 73
8913: 7 966 861 7 76
47564: 3 9 1 8 8 797 3 8 2 3 914
97089601: 33 9 5 895 64
29941: 2 33 2 9 379
64044390: 108 593 32 6 3 5
326823: 9 95 6 99 3 17 3 65
43876526: 23 7 277 765 27
931: 3 1 1 8 919
5221582651: 77 8 972 494 265 4
328090: 1 6 4 8 4 9 5 1 390 4 86
587: 1 1 30 6 407
140921: 6 5 36 427 5 2 9
3997184: 906 5 407 422
276838647: 775 2 3 105 7 6 4 81 87
17133: 349 6 8 367 14
2070007086: 5 78 945 32 9 3 312 5 6
3961189205: 8 6 8 7 14 86 4 4 2 70 9 5
598960: 42 7 5 2 958
107678536388: 63 9 61 7 8 481 5 8 481
965: 4 76 3 75 650
5861399: 94 54 784 1 397
25026942: 904 41 7 3 2 75 5 66 9 3
530568080: 728 9 77 3 720 83
41680581411: 597 1 430 698 9
54302894542: 6 1 3 46 15 6 6 5 4 949 9
582713856278: 5 85 1 1 192 9 95 7 78 9
195214456: 3 9 554 4 524 1 4 68 56
2038083709: 3 7 7 9 5 88 3 6 47 4 4 2
459326: 58 2 1 89 1 86
17396638: 9 7 635 5 8 6 3 1 8 95 48
1041625: 55 1 7 6 9 5 50 25 9 6
2819210944: 9 910 618 557 3
15585540419: 95 7 4 23 9 7 1 2 5 6 2 59
10298: 157 6 79 9 76
11492706: 61 330 758 199 71 8
8854: 3 4 205 37 8
4305912044: 4 742 120 1 481 2 2 1
1242: 4 92 9 558 579
2528647: 5 8 8 5 6 7 50 8 8 3 61 5
10796: 384 686 5 89 3 1
47138: 6 7 5 590 74
37958302272: 5 6 7 5 6 7 21 72 2 88 2
8462383293: 1 7 3 1 62 483 93 3 8 90
57571008: 56 550 95 676 332
248946: 1 158 9 44 853 3 47 1
107494: 85 4 2 8 6 3 1 4 460 5 26
2686860: 9 2 94 5 46 198 66 5 23
441701927: 441 701 85 7 7
1287: 54 6 99 55 6 3
7383000439: 2 5 5 69 856 359 7 72 2
110166394892402: 8 3 667 8 725 15 880 7
2623608202320: 43 699 7 9 368 753 5
18159: 8 10 9 3 4 2 4 75 9 2 2
273415518576: 6 5 159 88 4 699 11 2 8
245239161: 8 6 6 5 9 7 8 7 329 62 5 8
640349: 8 58 9 3 66 23 75 70 2 9
444: 9 6 8 6 60 258
23133404759: 3 7 8 358 1 8 9 4 7 2 75 8
2463097: 66 754 952 3 172 68
9640: 38 75 5 70 8
48661: 2 5 337 6 14
1232158922: 55 27 6 1 1 6 4 2 357 25
34923657600: 855 17 445 64 900
645123467: 17 9 2 9 4 3 35 2 78 2 38
3412: 579 59 40 3 5 7
41067972: 1 2 57 8 4 6 15 46 81 2
309348864023: 2 488 48 1 9 2 44 8 5 21
733785: 12 9 6 2 67 11 2 3 1 8 9
613115275: 4 61 152 1 15 275
938196: 1 305 6 643 6 9 9 63 1
278886: 1 84 83 1 4 6
2499917: 5 3 9 132 6 1 29 2 46 1
3235107: 3 2 647 1 10
171861: 6 364 27 33
1145352936282: 3 4 80 227 936 371 5
14528570: 4 417 82 43 83
390500455: 61 64 95 4 50 95 2
112841: 434 959 9 9 6
176390: 13 5 68 13 4
2722093: 2 71 8 7 33 96
2537080: 4 17 374 7 820
53843812: 179 28 61 194 3 4 7 44
3993543900: 945 6 14 76 281 25
14118867: 2 7 6 257 582 9 78 1 9
5324: 7 8 4 9 1 43 5 5 95 8 1 3
22176: 2 2 92 45 33
2085099: 90 6 56 23 2 8
885031426: 88 503 10 451 973
1243374: 5 3 29 813 295
3361176: 452 955 322 54 36
76987757: 769 27 1 606 56
87261824: 9 30 7 109 2 7 7 1 4 832
16872660: 43 3 43 79 46
27889: 336 1 83 1
85077718: 795 343 312
3676284482: 62 9 6 2 546 2 7 106 8
1084330: 39 4 4 23 4 1 673 1 476
1516: 62 604 853
254493: 863 17 4 3 6 6 8 4 875 2
130312325659: 52 12 493 5 5 661
477864: 95 37 755 74 2 11 4
373154250: 6 97 3 188 4 565 50 17
559626: 12 3 3 69 141
460469780164: 85 272 1 7 1 6 9 9 6 1
68748162: 7 7 1 384 42 1 3 9 4 7 6 1
19444685906: 1 981 55 3 9 8 8 3 8 5 7
204067704: 3 8 41 418 51 2
105136128: 12 43 626 784 92
107513: 446 629 14
12638391610: 2 9 439 3 9 3 1 2 93 22
5481927: 1 6 5 61 9 52 8 2 711 1
494: 1 8 9 7 4 9 9
201410546007: 6 94 705 272 910 94 2
1221623261: 8 227 7 961 64
1410025819: 163 910 98 97 8 831
28013931443: 9 393 8 9 99 443
1521609: 300 58 374 5 9
170559258136: 254 66 6 95 7 7 1 267 8
1142442: 310 994 876 92 7 40
6517280510: 6 3 5 4 54 6 8 22 98 4 5
1490871: 3 20 1 63 4 6 1 4 6 935 3
20854329: 41 69 62 7 3 5 1 805
106936320: 8 4 13 2 26 8 6 948 6 8
571402237: 19 5 7 459 3 7 8 4 5 6 9 8
167161596: 241 4 1 10 339 605 94
28143: 455 3 57 6 1 1 9 250 83
43685065: 1 9 7 9 6 8 2 321 33 5 9 1
79619936: 49 761 56 90 16
41946479: 5 5 34 138 894
57598: 8 40 3 20 20
127121269: 326 945 21 2 69
18979949: 7 1 124 8 4 2 9 2 1 5 4
499142: 9 59 94 5
1268: 9 2 665 5 587
622803: 773 5 4 2 5 3 5 23 62 4 3
33396252672: 6 4 828 30 84 42 9 6 32
134343013: 3 48 8 77 24 9 590 1 3
3065273075: 744 5 455 5 409 79
91656: 709 15 80 1 114
2030519: 846 120 3 5 2 49
2593231: 258 1 32 27 4
526434325: 10 541 16 1 158 97
370386: 687 1 35 9 57
380742391: 995 2 4 85 21 93 391
694138189875: 795 179 82 321 5 975
46246147: 12 34 72 23 963
1752253695: 5 805 6 4 3 5 9 9 86 8 9 8
1018546: 7 33 859 315 839
1209475: 3 7 5 85 54 53 200 73 2
8596052: 9 83 8 939 43 3 2 89 1 5
19579244: 9 789 2 842 80 324
22035386736: 8 311 913 968 87 3
1705571712: 99 7 726 5 339
1476197: 49 3 6 163 34
1873680: 1 89 208 16 77 3
84274656: 167 7 2 9 38 2 7 7 59 3 4
17630534: 1 957 143 9 4 3 4 4
7784459: 77 84 398 63
916: 42 816 6 49
3925800: 30 56 584 9 321 4
48564: 42 443 64
43441598585: 3 2 6 6 1 3 8 1 598 5 81 5
330294: 69 82 522 81 536 6
374283: 8 91 72 991 62 7
11786799: 5 6 5 8 6 322 647 7 5 9 7
1119865765482: 7 2 71 8 5 55 4 8 4 7 55 1
4608894: 2 2 64 6 5 8 894
1095242: 1 2 589 29 3
12624218838020: 3 1 63 9 5 6 8 621 7 4 57
389828: 3 40 40 8 1 830
930: 9 2 8
246240722141: 87 8 6 7 58 828 2 348 8
1447991: 34 19 683 7 4
340429923: 84 440 79 588 4 81 4
4789900188: 139 9 5 45 6 58 487 3
4168762470: 7 358 658 8 50 1 1 8 52
151335: 4 5 2 636 9 3 3 5 2 805 5
9791280620: 6 7 995 4 9 5 80 61 3 9
1024689835203: 5 9 79 5 1 6 5 9 61 3 40 6
175848464: 8 2 98 968 84 8 7 1 2 2
17800: 16 1 98 81 7
16548482486: 2 85 582 7 6 51 8 248 7
129595722: 6 6 1 298 4 61 849 9 6 3
641: 40 544 1 52 7
15536376570374: 57 177 5 1 95 286 375
938253: 19 6 42 82 9
991176: 1 2 5 662 5 6 7 9 1 35 46
658757454: 54 616 5 9 296 440 8 6
1474163363197: 9 437 20 937 792 8 4
34922171579: 4 2 5 6 41 7 7 4 343 5 8 1
926813: 99 9 325 7 13
33497086: 63 202 530 2 26
13236640: 4 5 5 78 8 5 2 84 641 1
6100706368: 181 476 730 97 5
56039165208647: 8 1 809 548 5 834 6 25
24855552: 4 9 20 8 2 3 4 12 1 72 8
9508: 7 6 46 6 9 2 1 4
9133: 8 32 958 74 8 8 548 1
9497462159: 1 9 78 63 795 48
973785484: 562 411 785 4 81
61579440: 731 4 5 39 54 2
48319: 3 81 72 5 88 209 1
2550: 2 32 2 9 27 525
2184525: 63 4 2 2 5 9 95 5
12400: 9 3 373 1 25
5106889: 7 844 6 1 892
420970813: 238 108 4 77 38 9 8 4 7
55985814: 821 625 6 2 1 69 7 558
11375169: 34 9 3 8 57 822 9 37
358259040: 1 3 70 5 7 7 58 373 60 3
1353623: 7 455 5 85 1
410146: 5 5 475 7 4 4 7 206
25586110: 852 869 3 3 40
32735199980: 1 1 811 7 69 2 2 2 21 2 9
37882: 5 8 6 43 3 101 157 61 1
6605081147: 6 7 1 6 8 89 7 958 9 9 5
26205051600: 6 51 4 3 9 565 1 8 5 7 5 9
238322073438: 70 61 1 62 3 9 343 9
202: 3 39 85
4120: 40 8 6 3 4 8 2 96 23 2 8
554287324: 7 527 2 18 287 319 3
23293524: 29 8 272 663 25
119528: 1 70 96 72 7
395361120: 395 35 62 49 19
5039529: 50 3 9 531
60430: 1 7 9 238 5 2 3 1 8 6 5
79664787: 4 807 76 72 42 6 98
1060290398: 4 6 268 1 8 9 7 2 7 362
1138709965953: 55 46 46 65 9 6 6 75
4191: 5 408 5 7 5
649336: 100 6 541 68 2
1237544: 1 2 374 1 47
1039085952: 204 68 1 7 8 41 725 7
2194652345: 1 3 2 8 76 1 9 5 228 6 1 5
106: 3 6 5 5 5 51
25180898: 709 52 683 48 6
2406713: 2 6 5 6 5 8 272 9 2 2 71 6
2083745665: 4 1 51 5 77 6 48 56 65
380897515: 65 3 95 4 614 160
4860428392: 5 805 6 428 3 90
38304: 416 13 49 8 8
183397887724: 3 8 8 6 4 6 630 5 9 62 6 4
39424301: 360 763 97 281 115
1087760: 4 1 1 42 4 63
99960: 78 7 98 12
219484959: 219 174 7 303 961
2818186419: 155 18 7 111 13 74 21
12369912: 605 6 4 7 5 9 84 9 5 7 1 6
443491645: 5 4 6 1 3 1 635 6 4 76 4 2
77527070: 4 7 7 6 6 67 2 70 3 4 3 1
694714: 3 308 62 6 36 3 343
349708: 34 916 54 8
120904340: 127 45 72 7 2 58 82
3645049959: 86 883 54 8 5 6 9
69792: 636 8 1 3 510 8 9 9 83
1362401574675: 94 6 671 6 2 3 291 6 76
2085572119: 7 316 983 58 5
460010423: 777 74 8 24 2 417 7 1
28986930: 127 90 8 455 9 15 98
155046781: 9 3 8 534 2 6 97 36 7 1
722133: 29 83 3 3 3
727037: 1 9 4 8 430 7 1 2 831 6
41897690: 1 417 90 4 3 683 4 1 1
1389083669: 9 2 63 8 81 660 8 3 5 2 2
5651: 891 2 3 9 296
1715827: 680 8 6 5 42
130616647782: 6 41 1 12 44 7 9 7 7 8 1
632350: 28 86 1 219 94
9017568: 9 17 32 4 3 3 994 8 2 3
5081989: 8 628 14 29 9 5 9 86
1332440995233: 6 6 7 65 3 4 9 4 44 8 3 5
14730: 1 99 5 1 2 70 29 1
707649388939: 989 688 8 836 1 2 130
568574: 2 736 4 77 4
187840: 20 870 9 3 6
1955269: 78 846 46 46 85
7115468: 289 2 30 14 82
605353: 8 1 415 3 2 1 8 3 3 9 3 37
905944294: 4 1 9 180 59 442 91
33326720115: 3 6 5 975 7 8 8 11 9 9 2 2
257416: 47 35 8 5 32 7 76 992
3091984: 10 9 6 441 9 7 5 6 3 7 8
584531260: 81 176 852 8 41
12439204359: 9 5 3 208 743 92
8007448794: 8 308 2 5 86 2 7 7 7 7 5 6
7846668: 1 5 9 6 7 794 99 633 2 6
398533163: 1 4 3 81 6 9 690 2 8 29 7
55636914824: 1 2 537 7 502 74 22
561506165: 98 45 97 39 6 9 8 16 1 6
159888078: 58 21 329 57 7
389769086: 655 875 809 99 1 7 97
110601: 744 46 5 28
84410126: 843 2 7 47 67 20 67 29
6436199009: 794 592 37 5 5 81
1069: 123 45 8 81 812
181120: 2 3 3 52 2 6 4 8 4 2 283
96999: 72 714 3 41 321
240954: 7 3 6 4 8 67 7 6 3 1 811 6
2735: 30 91 3
285: 6 5 9 3 1 11
3391510002: 2 845 877 5 400
175665502: 4 7 70 29 7 65 322 12 2
6606428188: 6 60 6 4 243 37 9 9 1 5 4
561210196: 3 443 459 8 23 7 5 5 9 7
113: 6 13 32
1166780160: 2 86 2 80 65 56 1 12 7 9
666790622784: 3 765 6 6 286 6 87 968
1090: 7 7 3 1 27 6 7 4 21 8
681096226: 767 888 20 2 6
2204888: 9 778 46 4 7
793992: 16 9 6 91 736 2 9 10 3
10049078849726: 28 6 4 55 91 8 8 9 8 18 7
280290459251: 64 2 10 2 7 547 626 2
567890: 267 425 7 44 52 5
2790: 9 4 424 5 6
2903978: 51 3 79 2 53 3
320396169463: 80 8 792 3 3 5 4 464
1081513: 5 84 31 594 4 278 79
19416129297: 395 627 306 87 900
19435845035: 9 7 8 1 14 28 5 4 6 75 35
324135063: 22 76 441 75 63
199007833: 99 5 5 18 4 20 7 602 7
1826607: 18 2 5 788 819
23351: 2 3 351
103508584892: 51 218 931 48 87 3
89453: 3 278 6 1 53 1 94
942273333: 942 21 4 79 144 2 8 36
1064352: 106 425 4 98
34548664613: 54 83 1 9 9 7 6 3 4 610
763528: 7 2 79 675 36 9 7 7
6432097448: 98 4 2 82 3 5 7 2 47
158888679: 88 785 2 23 78
984: 50 59 9
1188: 9 9 7 4 988 6
19116081: 1 190 155 27 10 542
150943: 9 8 9 2 9 6 5 1 996 58 85
138228863: 1 5 9 4 288 1 958
9805252600: 523 950 21 69 1 286 1
1124: 4 790 80 3 247
1030444063: 3 2 5 805 1 80 356 4 64
80898: 8 920 727 9 16
13106663115: 9 8 3 6 71 71 42 21 115
100501917: 20 80 5 50 8 5 20 215
1287275: 1 7 22 18 29 5 3 11
1276400252: 3 98 6 294 7 1 62 49 6
2953194537: 73 8 5 4 4 6 9 4 726 1 8 2
19901: 41 77 2 158 6
19006: 4 4 5 88 79 6 182 8 6 46
2757967388: 121 224 468 7 67 3 91
29174: 5 9 2 8 3 3 8 3 7 7 7 936
61415184: 6 7 883 69 8 8 4 5 7 24
70373903: 3 8 8 6 7 7 9 2 81 9 2 198
73654193: 988 9 484 83 71
129920: 6 8 5 8 916 1 50 2 4 58
694144612: 349 8 80 65 194
54273996617282: 768 7 3 42 8 7 617 2 82
57381: 956 4 6
2838279: 28 3 7 376 903
33321: 9 6 8 289 12 77 809 96
5002625062: 79 7 7 2 3 83 3 125 2 6 4
84934172: 861 137 6 6 6 2 60 2 90
18566037: 3 77 70 5 9 3 76 23 3
377520000: 9 7 2 4 993 4 8 44 5 3
8232237055: 7 2 8 60 66 5 8 5 6 8 431
1335615470: 5 80 582 80 73 2 7 79 8
71792645: 36 3 2 1 4 3 8 240 8 19 5
160240087: 299 66 7 116 8
19774931: 195 1 25 1 43 6 29
7087: 7 983 181 25
1113721662: 7 4 1 45 54 3 7 17 4 662
4150: 61 9 344 8 2
76268: 6 126 6 66 1
188178255: 39 7 316 15 1 8 5 8 19
3667624937: 8 682 9 909 671
268312: 10 165 2 3 9 4 9 4 1 728
1015: 3 6 660 9 4 1 1 1 74 257
22419175101: 4 52 5 2 396 884 3 8 8
71452886676: 8 99 4 542 489 917 7 3
1241705328: 66 3 6 4 80 7 4 5 5 29
31681948: 3 9 91 481 29
12386: 4 76 7 3 22
5594: 41 5 1 7 8 8 9 6 2 52 344
358434719: 10 8 7 5 1 1 218 4 216 2
591372: 88 8 84 8 1
102104: 97 16 44 9 8 3
9751787: 22 68 161 673 14
2161896: 5 3 55 1 3 2 3 5 81 7 1 1
69732: 54 1 642 2 9 2
72651606: 2 1 8 1 27 4 49 1 3 7 6 6
415467: 38 6 3 5 603
11297762: 3 9 1 5 7 128 394 6 988
422: 7 3 23 1 4 81
357700: 6 6 4 89 4 671 1 26
35287899211: 49 9 80 7 8 992 14
3431025810: 8 7 5 389 7 29 987 2 9 5
116501: 51 576 4 872 9 1 77
2581823251: 1 7 6 7 9 3 7 55 81 4 7 4
405739968: 36 4 573 99 4 2 5
2170366: 42 3 49 6 6 7 1 6 3 6 8 8
6260: 753 4 7 1 907 54
914: 9 88 2 92 26 2
4525633: 48 582 3 54
1822063577: 26 70 1 994 69 577
1858884: 1 1 9 62 12 6 82 7 62 38
521718: 63 92 65 1 89
9335531507: 9 1 2 3 468 1 84 1 510
17467534110: 13 9 337 782 109 2
53461: 3 5 27 40 652
307132535: 1 5 409 8 8 9 82 4 9 3 83
304467612: 2 6 87 3 219 4 89 42 5 7
6224438: 3 73 819 37
23974746: 882 302 22 9 7
48935523878: 15 5 35 35 10 294 3 9 7
163202: 76 74 68 2 8
337551: 1 613 16 7 6 7 88 599
441308: 4 52 993 10 7 2 3 728
275316: 4 9 6 8 39 5 5 8 4 5 971 7
200904: 4 80 437 4 66 4 1
11114120: 7 7 9 628 33 864 6 2 8 5
357164442: 7 26 8 5 2 6 4 725 2 9 4 2
210585: 44 5 29 842 927
6284896729: 103 53 4 4 48 967 29
2820768: 1 1 8 9 19 1 4 8 6 9 1 217
90769: 8 550 458 7 680
70: 62 5 3
142302101398: 24 4 432 4 5 57 7 6 225
28729143: 17 58 207 382 66
397123356: 1 50 5 246 786
1143987: 97 86 5 776 2 820 5 6 1
182988691: 36 8 163 884 688
683164: 79 9 1 202 38
41615189: 41 155 460 1 186
1055886341510: 7 59 582 451 53 1 9 9
239461: 91 87 59 6 3 1
17688: 6 34 31 971 8
45101947: 64 379 52 2 6 1 35 1
3852873: 12 48 1 1 640 7 5
8982277: 880 81 7 18 7 71 3 41
30027075: 1 17 3 981 8 9 6 98 1 75
2141: 17 33 662 3 3
18560: 52 3 3 40 8
209814290: 761 3 53 52 9
2219420: 6 7 4 147 9 969 7 9 7 83
3085721667125: 73 86 3 254 43 18 5 25
9725831: 6 100 9 485 29 7 162 1
292: 3 5 2 1 4 2 7 8 48 63 5
753811555: 50 6 676 3 177 558 7 7
72107107240: 7 1 9 781 2 2 314 60 5 8
17614112: 10 2 11 8 4 59 888 64 2
50645855: 21 100 80 436 8 12
423000039198: 45 3 862 703 932
291984: 33 4 19 9 6 479 56 6
73869: 57 2 809 85 87
612768627: 6 12 23 53 8 626
9251649: 464 7 89 42 8 4 1
43313: 4 592 72 334 69
94326441: 7 9 3 8 81 9 38 792 58
171588474: 417 6 774 9 67 3 474
11908989144599: 381 6 9 837 78 4 599
123806384862: 26 569 2 4 92 52 859
29054686309620: 898 58 340 620 951
58330915: 71 3 8 1 3 219 7 9 549 7
992514975: 44 8 7 4 65 49 51 327
201332008275: 57 93 422 3 1 2 2 3 5 3
3367951181: 7 137 858 6 1 9 55
375234325722: 3 744 4 5 789 325 722
71134: 4 9 9 298 8 1 543 3 2 7
6552436: 2 8 920 6 5 6 94 289
790165564: 9 859 9 9 8 5 2 8 22 6 1 4
6012753810: 3 7 3 6 954 2 55 5 3 813
2287: 22 7 3 7 7
36498320316184: 6 3 9 4 94 85 8 3 161 86
244603443538: 34 943 349 7 4 5 2 4 9 2
1930: 41 4 60 840 864
2081383: 1 98 697 375 6 5 3 3
128782422: 4 9 3 8 6 1 82 418 1 1 5
983: 843 2 51 2 85
4451: 11 433 9
3303: 824 4 7
87898109393: 41 2 2 3 8 98 109 1 394
9025371: 5 85 25 140 233
547646539479: 33 857 48 2 5 89 123 8
1549896300: 98 56 989 6 300
1260: 159 43 524 454 80
345673: 97 4 2 58 124 4 1 6 7 3 1
33344432: 6 9 29 6 5 2 3 4 44 22 3 6
668747640: 28 166 48 79 2 33 530
11859864966: 2 83 47 87 8 3 8 961 5
60609590: 681 89 589
20932020: 5 2 368 5 41 20 27 3
148581510: 8 2 8 405 6 917 5
64023073: 6 5 2 63 343 8 307 65
144901296: 8 3 9 6 9 7 724 4 2 633 6
2353: 56 28 2 781 2
1231457901: 615 727 2 3 903
19204605: 7 6 29 87 9 7 7 3 37 68
1032695: 46 7 22 8 521 8
647932923: 539 9 441 12 4
1579254122: 10 1 8 61 6 4 11 6 36 2
143731261443: 482 7 520 768 736 3
1631834: 7 8 487 8 2 30 6 365 1
876: 4 1 837 35
1499733: 2 22 6 5 8 8 3 5 8 2 3 2
32659971: 10 32 2 45 4 136 8 11
44805926: 6 33 19 80 859 4 482
59993188: 62 98 78 48 7 5 4 93 1
58457214832: 722 5 2 559 7 517 4 8 2
783211151: 16 31 6 5 2 23 3 528 4 4
117040245586: 627 7 636 316 59 3
18259962965: 1 8 39 6 3 3 32 6 695 8 3
7205789500: 70 635 86 65 29
76940864865: 9 39 8 9 9 6 35 9 82 5 9
67517694: 6 74 699 477 96
285993368708: 663 55 77 862 5 6
33083408: 2 9 995 54 609 92
25286311363: 7 33 47 418 4 5 9 544 2
1720938205: 209 6 117 2 7 6 8
81461542: 6 75 37 8 81 2 544
22544713: 22 54 466 7 38 6
181545620: 343 892 7 3 7 620
2332: 5 36 7 19 504
25009110: 1 6 85 1 6 878 315
900451: 5 4 8 5 78 35 37 3 2 51
593754151: 5 879 6 566 7 6 4 1 5 1
52470784: 1 870 91 662 1
5108079363: 588 9 9 2 9 4 1 433 2 1 9
1076003: 7 25 196 2 939 2 53
186728643: 4 2 1 686 4 8 7 8 4 6 1
13263860: 4 4 56 92 2 5 8 2 6 2 5 8
179079398884: 7 4 4 2 4 8 1 5 63 1 7 885
58959619991: 8 6 6 631 607 4 36 533
64273: 64 43 6 72
5499: 8 9 37 9 7
1463562896: 85 6 55 3 5 62 843 3 51
466364511: 89 524 403 48 3
446: 6 54 41 9 72
33033980: 209 43 978 51 65 5
3775408: 7 5 9 8 3 250 7 97 12 7 2
46782: 8 3 6 705 254
2227350476: 8 464 3 7 2 9 1 2 2 2 4 49
64000: 2 124 75 799 64
7749523: 94 58 37 28 576 62 19
572721: 252 3 227
5543404798: 4 137 89 1 3 5 5 8 276 8
2952888: 7 63 901 3 8 732
22847241583: 412 7 568 96 9 582
128160: 9 22 81 51 99 1
244178258: 8 233 3 1 76 2 237 21
13139190: 60 674 895 2 1 588
7426388080866: 5 8 4 8 5 9 702 5 8 86 3
513780406: 7 92 871 81 8
50602060616: 7 534 786 8 6 17 7 1 7
31742: 5 792 5 8 25
325841285: 5 13 16 80 8 9 2 165 5 3
4774751: 8 938 7 7 47 72
4042352719368: 9 6 64 7 62 58 9 774 6
5809164090511: 890 976 8 7 815 12
513: 2 1 56 3 3
2221: 8 309 7
9086748447: 8 10 8 7 939 699 71 6 9
9624690818: 53 4 16 54 5 2 9 81 1 4
165902208: 67 5 151 4 99 8 88 5
33124: 1 3 7 8 4 85 967 69
2698991: 113 8 373 55 8 90 925
594750: 507 3 63 2 375
8432: 7 4 3 17 16
271077: 659 82 5 1 887
13614: 46 16 692 2 18 6
947387667: 857 4 8 333 9 2 2 23 3 1
149644: 8 89 607 4 6
9568: 9 5 68
105966036: 548 5 3 37 1 6 3 29 1 9 4
900308: 7 342 644 321 4
9657859704: 8 5 71 8 9 29 8 2 1 74 30
329765: 1 7 411 8 69 99
24202166: 79 4 453 6 51 7 276
2976636: 5 6 2 8 17 5 78 5 1 9 3 8
2397935: 70 33 87 2 70 168 497
18884985085: 19 7 129 28 958 56 2
427317861: 20 3 33 563 862
1260453168705: 782 4 6 5 7 51 78 8 707
8847303442: 949 34 9 303 424 18
80259: 5 75 25 9
172861: 1 8 192 1 58
301045269: 293 1 17 347 2 6 68
28394: 3 944 7 54 15
817935: 63 19 560 2 465
224805: 74 3 59 800 5
2977960357: 769 49 88 43 9
30250958400: 5 362 9 60 1 4 9 53 4 80
6444: 5 34 980 6 46 271 9 4
588: 1 44 3 4 1
2003: 105 19 94 4 9 3
9033183499: 2 901 4 63 6 70 50
13433495: 569 7 5 8 4 8 5 28 35 6 5
25457: 48 99 5 1 422 925 350
63901: 63 570 328
6179632624: 76 781 2 928 8 4 622
2819240464258: 8 8 4 2 4 8 10 1 1 6 4 259
13665809: 11 3 70 5 686 17 82 2 7
221190: 48 25 703 8 8 4 5
188113: 7 180 7 99 311
1352520: 3 839 2 924 765
5596186: 5 601 999 49 738
49997173942: 49 99 717 29 1 9 39
120990486658: 65 88 6 1 98 80 7 95 7
1725024028: 5 248 680 68 25
213551725: 5 1 3 853 8 9 8 61
1399022380: 11 2 2 3 201 7 87 3 21
1195848: 6 8 2 71 829 3 8 14 2 4 6
4456494898: 17 8 9 15 60 60 7 307 5
2325904: 1 503 2 6 7 7 560 4 76
484863: 4 9 138 55 80 2 45 5 1 3
79337: 6 1 933 2 5
216218004: 138 8 91 9 538 6 1 21 4
324838291: 39 541 7 8 3 7 9 3 7 4 7 9
249679996402: 323 773 996 350 3 50
19262392: 1 867 59 23 94
74452771708: 51 80 310 81 2 44 7
957333: 1 771 4 5 62 53
561037893: 703 2 107 3 399
3305: 6 481 419
22785248073: 6 5 4 2 1 26 4 824 5 76
444278319: 674 16 6 316 45 638
1145132: 7 5 77 85 1 9 3 410 2
8831919175854: 7 126 8 3 9 191 7 58 5 7
6765: 8 9 99 581 9
1295: 5 17 5 95 7
81276215440: 231 4 8 1 775 8 4 7 5 3 1
450279: 7 5 6 156 123
8740646201: 780 4 4 6 628 9 4 7 1 1 9
1082897: 5 414 2 57 42
15654558512: 3 103 73 694 512
527: 3 45 179
132123168578: 4 406 6 30 6 4 9 8 8 837
263407: 58 85 223 51 604
700770: 90 1 77 6 9
1323: 12 4 25 8 1 1 706 24 4 4
39625: 4 106 6 4 6
616160: 5 6 2 9 4 69 5 1 2 967 8 2
202198947: 831 308 79 2 9
699829740006: 7 6 9 1 5 841 25 60 72 5
3179: 5 75 203 2 349
1950503465060: 5 6 5 7 21 9 499 995 7 3
249372585: 11 343 572 911 63
33672751: 8 6 26 65 4 9 5 95 2
3517: 3 9 77 4 4 4 5 7 923 6 4 1
4986: 76 29 33 6 3 6
4150629: 7 755 8 8 55 97
467: 433 24 7 3
3142881507: 723 3 3 7 69 50 1 3 1
1632042: 5 98 9 8 3 577 3 9 3 4 1
61251529: 2 433 8 4 5 341 7 2 80 6
11668157475: 55 409 650 798 975
21219: 78 53 72 9 16
27171785: 2 913 8 2 96 9 7 5 1 35 2
2274565602: 4 9 1 6 4 7 36 9 6 5 592 8
35872: 8 1 2 2 40 9 8 424 7 80 7
9849: 874 55 43 4 8 62 19
8443117722: 1 71 8 25 5 8 3 11 7 724
321923: 79 8 17 40 467 9 152
2067916: 3 19 76 211 35 78
70484: 35 2 4 8 2
2241168: 13 3 6 6 27 6 2 6 6 32 4 3
544765755: 521 6 1 16 7 65 732 20
5788225: 6 1 699 12 4 72
22960602286: 219 5 6 5 2 745 1 7 40 8
5660291: 283 5 8 58 5
8492: 9 253 488 1 994
77192: 9 42 46 3 5
83235702: 9 88 7 8 357 50 2
1038088: 3 8 427 221 51
25084887211: 384 3 66 90 989
