2,3,58~4,3,58
8,3,263~8,5,263
2,3,4~2,3,5
2,8,257~4,8,257
8,5,72~8,9,72
6,9,40~7,9,40
8,2,56~8,2,59
6,1,206~8,1,206
2,7,193~4,7,193
7,3,82~7,6,82
3,7,150~4,7,150
1,5,157~4,5,157
8,9,189~8,9,192
4,4,24~4,6,24
6,2,87~6,4,87
2,4,122~3,4,122
0,6,121~0,8,121
3,4,194~5,4,194
3,6,124~6,6,124
6,6,149~8,6,149
7,1,155~7,3,155
7,1,264~7,4,264
1,2,55~3,2,55
0,1,62~2,1,62
3,4,83~3,4,83
4,7,90~7,7,90
9,6,227~9,8,227
6,2,268~6,2,270
4,5,70~6,5,70
2,1,10~2,1,11
1,8,162~2,8,162
4,2,56~4,4,56
7,0,23~7,2,23
0,3,273~0,4,273
5,6,46~5,8,46
5,6,52~8,6,52
5,5,225~5,5,227
2,6,216~5,6,216
3,4,3~4,4,3
1,1,246~1,2,246
3,0,262~4,0,262
7,2,179~7,4,179
8,4,45~8,7,45
2,3,63~2,3,64
8,5,167~8,7,167
6,0,18~8,0,18
2,1,147~2,3,147
4,2,285~4,5,285
2,4,160~2,7,160
4,8,70~4,8,72
3,7,78~6,7,78
7,7,63~7,8,63
4,0,251~4,2,251
7,1,128~7,3,128
3,8,38~5,8,38
3,1,206~5,1,206
7,7,43~7,8,43
1,1,166~3,1,166
1,1,12~3,1,12
6,7,310~6,8,310
5,5,303~7,5,303
0,7,53~3,7,53
0,3,229~0,4,229
7,7,19~7,9,19
2,2,145~2,3,145
6,1,197~8,1,197
0,8,180~2,8,180
7,6,98~7,9,98
3,6,71~3,8,71
8,5,53~8,8,53
3,9,139~6,9,139
8,7,236~8,9,236
6,5,112~9,5,112
9,1,53~9,3,53
1,5,264~3,5,264
1,3,39~3,3,39
3,6,190~5,6,190
7,7,3~9,7,3
3,6,305~4,6,305
7,1,269~7,3,269
3,3,171~3,4,171
7,8,208~8,8,208
4,2,217~4,4,217
8,7,98~8,8,98
6,2,217~8,2,217
3,8,189~5,8,189
2,1,102~2,3,102
2,7,269~4,7,269
0,1,124~0,1,126
9,3,190~9,3,193
8,5,159~8,6,159
0,8,255~2,8,255
0,0,121~0,2,121
4,4,162~4,6,162
2,3,286~4,3,286
2,0,114~2,3,114
4,3,38~6,3,38
0,0,51~0,3,51
2,7,90~2,9,90
6,0,139~8,0,139
2,2,90~5,2,90
2,6,14~2,8,14
6,4,119~6,7,119
5,1,52~7,1,52
5,4,179~5,7,179
6,9,83~9,9,83
5,0,187~6,0,187
6,4,281~7,4,281
2,1,163~4,1,163
7,0,57~9,0,57
7,7,135~8,7,135
4,5,29~6,5,29
3,2,300~3,6,300
4,2,283~4,6,283
4,8,35~7,8,35
0,2,54~0,3,54
6,5,57~8,5,57
6,0,248~6,2,248
1,7,231~1,7,233
1,1,232~1,3,232
6,7,170~6,8,170
2,8,304~6,8,304
0,2,116~0,3,116
9,8,254~9,8,254
1,0,121~1,0,123
2,7,220~3,7,220
9,3,158~9,5,158
9,2,183~9,4,183
1,6,179~1,8,179
3,8,11~5,8,11
5,2,136~6,2,136
7,4,87~9,4,87
2,4,125~2,5,125
1,4,39~2,4,39
7,5,201~7,6,201
2,7,180~4,7,180
5,4,295~5,7,295
0,0,5~0,0,5
2,3,169~2,4,169
3,6,168~5,6,168
5,3,154~8,3,154
9,6,91~9,9,91
6,2,190~8,2,190
7,3,99~7,4,99
0,8,193~2,8,193
4,9,136~6,9,136
8,5,293~8,6,293
7,2,47~7,4,47
6,6,206~8,6,206
9,8,90~9,9,90
6,5,10~8,5,10
2,8,252~3,8,252
6,4,216~8,4,216
6,6,314~7,6,314
6,7,156~6,7,158
8,6,41~8,8,41
1,9,192~2,9,192
9,4,53~9,4,56
3,2,130~4,2,130
4,5,105~4,6,105
9,6,8~9,8,8
3,0,243~3,2,243
3,7,45~4,7,45
5,4,260~5,5,260
3,2,61~4,2,61
2,8,264~4,8,264
5,6,113~5,9,113
5,2,167~6,2,167
0,4,181~0,4,182
2,5,75~3,5,75
5,1,240~6,1,240
0,0,147~0,1,147
9,7,68~9,7,68
7,0,170~7,3,170
1,2,168~4,2,168
7,7,101~7,7,102
5,2,251~5,4,251
4,1,239~6,1,239
0,1,116~0,1,118
8,2,259~8,5,259
2,7,192~3,7,192
4,2,127~4,3,127
2,8,97~2,9,97
1,2,290~2,2,290
7,5,55~7,7,55
3,4,46~3,5,46
5,4,151~7,4,151
0,8,128~0,9,128
0,6,268~0,8,268
7,5,253~7,8,253
6,1,139~8,1,139
4,7,68~4,9,68
5,0,306~7,0,306
0,8,168~2,8,168
4,7,43~6,7,43
1,1,121~3,1,121
6,3,221~8,3,221
7,6,234~7,8,234
0,4,79~2,4,79
8,4,287~8,6,287
4,7,291~7,7,291
3,2,46~3,3,46
1,6,219~3,6,219
7,3,284~7,6,284
0,5,91~2,5,91
1,7,267~2,7,267
9,1,3~9,1,3
2,1,201~5,1,201
6,8,307~8,8,307
3,9,262~5,9,262
1,6,141~1,8,141
9,4,1~9,4,3
5,7,155~8,7,155
2,5,203~4,5,203
2,3,95~2,5,95
3,6,298~5,6,298
3,6,48~4,6,48
7,8,230~9,8,230
8,6,229~8,8,229
2,8,292~4,8,292
3,5,155~5,5,155
3,6,45~4,6,45
0,7,257~2,7,257
2,1,126~5,1,126
7,7,37~7,9,37
0,7,262~0,9,262
0,9,241~2,9,241
4,4,257~7,4,257
3,6,158~6,6,158
6,2,58~6,4,58
7,2,63~9,2,63
0,5,59~0,5,61
5,0,44~5,1,44
0,8,77~0,8,79
0,1,205~0,4,205
4,3,214~6,3,214
2,5,166~2,5,167
1,4,15~1,7,15
4,4,91~6,4,91
8,5,59~9,5,59
1,9,278~4,9,278
3,0,57~3,2,57
4,8,156~8,8,156
7,5,292~9,5,292
0,3,235~0,6,235
1,3,234~3,3,234
2,1,165~2,3,165
9,1,186~9,4,186
6,0,3~6,2,3
7,2,176~7,4,176
9,3,123~9,4,123
1,9,56~3,9,56
3,4,259~3,5,259
4,4,308~4,6,308
6,1,74~6,2,74
5,4,166~7,4,166
0,1,251~1,1,251
6,3,72~6,6,72
0,3,200~3,3,200
5,7,18~5,7,21
2,1,142~2,4,142
2,6,93~2,7,93
3,6,12~5,6,12
1,0,266~1,0,267
8,4,10~8,4,12
0,5,95~0,5,96
1,6,176~1,8,176
2,0,165~5,0,165
4,8,145~5,8,145
6,8,72~6,9,72
3,2,96~3,2,97
5,2,265~7,2,265
2,6,231~2,9,231
2,9,189~3,9,189
5,5,223~7,5,223
2,6,12~2,9,12
5,4,202~5,7,202
3,8,41~5,8,41
0,9,273~0,9,274
4,9,252~7,9,252
4,6,146~4,8,146
5,4,164~5,6,164
7,6,169~9,6,169
2,6,163~3,6,163
5,7,62~6,7,62
4,5,136~6,5,136
1,6,223~3,6,223
2,8,174~4,8,174
0,4,73~2,4,73
3,8,97~4,8,97
5,5,32~5,5,34
1,4,27~3,4,27
1,1,107~4,1,107
6,2,1~8,2,1
3,2,129~6,2,129
4,7,132~7,7,132
4,5,27~6,5,27
4,2,4~4,4,4
6,1,103~6,3,103
1,6,63~1,8,63
4,8,169~6,8,169
9,5,295~9,7,295
5,0,156~5,3,156
4,5,91~4,7,91
4,1,279~4,4,279
4,2,191~4,4,191
1,8,171~2,8,171
0,6,270~0,9,270
5,6,6~7,6,6
9,1,184~9,4,184
3,8,291~6,8,291
6,4,284~6,6,284
6,4,77~6,4,79
0,7,269~0,9,269
0,6,302~2,6,302
1,7,211~4,7,211
1,2,116~1,4,116
2,0,51~4,0,51
2,1,53~5,1,53
2,0,38~2,2,38
2,6,196~2,8,196
8,7,83~8,8,83
0,0,10~0,3,10
4,0,56~6,0,56
2,2,76~2,5,76
6,4,175~8,4,175
5,6,148~6,6,148
0,0,139~0,0,139
4,1,135~4,4,135
3,7,159~3,8,159
9,4,242~9,6,242
1,6,165~1,9,165
5,0,161~5,2,161
2,0,195~2,3,195
2,0,207~2,3,207
4,6,156~6,6,156
3,6,146~3,8,146
1,8,222~3,8,222
6,3,131~8,3,131
7,5,170~7,5,173
5,0,270~5,1,270
1,8,167~4,8,167
6,8,225~8,8,225
7,1,275~8,1,275
4,2,123~7,2,123
8,5,137~8,6,137
4,0,52~6,0,52
6,7,135~6,9,135
4,3,105~5,3,105
6,3,213~6,7,213
2,4,232~3,4,232
9,5,19~9,8,19
5,7,303~7,7,303
2,9,268~5,9,268
3,8,194~5,8,194
2,1,60~2,3,60
3,7,253~4,7,253
5,1,267~5,3,267
6,9,16~8,9,16
8,0,19~8,0,22
4,5,124~6,5,124
4,5,201~6,5,201
4,8,148~4,8,148
4,2,109~4,4,109
0,2,146~0,4,146
2,0,93~2,3,93
4,4,172~4,7,172
7,9,254~7,9,256
6,1,102~8,1,102
1,3,158~1,6,158
0,6,75~0,9,75
4,1,92~6,1,92
4,7,298~6,7,298
5,7,306~5,9,306
5,3,246~5,6,246
6,3,75~6,4,75
9,1,2~9,3,2
6,0,183~6,2,183
0,1,142~0,3,142
9,4,82~9,5,82
2,2,175~2,5,175
4,8,95~4,9,95
6,0,105~6,3,105
2,2,37~2,5,37
7,7,294~7,7,296
0,1,133~0,2,133
7,5,222~7,8,222
6,3,61~8,3,61
1,7,242~1,7,244
3,0,67~5,0,67
6,6,301~6,8,301
0,0,145~0,2,145
6,0,184~6,0,185
0,5,176~2,5,176
0,6,269~1,6,269
9,0,56~9,1,56
7,4,255~7,6,255
1,1,171~1,2,171
3,6,264~5,6,264
5,4,289~5,7,289
4,0,256~6,0,256
7,2,126~7,5,126
8,6,58~8,9,58
5,5,84~5,5,87
6,2,215~6,3,215
9,4,171~9,6,171
3,4,50~5,4,50
1,1,244~3,1,244
3,9,64~3,9,66
5,4,205~5,6,205
5,7,65~5,7,66
0,5,237~2,5,237
5,3,108~5,6,108
7,7,20~7,9,20
3,6,303~5,6,303
9,6,195~9,8,195
2,0,117~5,0,117
2,7,51~2,9,51
6,7,80~6,8,80
0,6,240~0,6,241
8,3,113~8,5,113
3,7,160~3,7,162
8,0,142~8,0,144
5,0,276~5,3,276
3,6,261~3,9,261
5,7,228~9,7,228
4,6,64~4,8,64
2,1,96~4,1,96
2,2,288~2,3,288
2,3,108~4,3,108
2,2,267~2,2,270
1,8,148~3,8,148
6,1,293~7,1,293
5,6,20~6,6,20
0,8,260~2,8,260
0,4,178~2,4,178
2,0,247~4,0,247
7,2,227~7,2,229
6,4,178~6,6,178
3,6,249~3,9,249
6,2,294~7,2,294
7,6,99~7,6,102
5,6,248~5,6,249
3,8,266~5,8,266
5,1,68~6,1,68
7,0,52~7,0,54
7,2,62~7,5,62
7,4,98~8,4,98
6,2,9~9,2,9
7,1,250~7,3,250
1,5,304~1,6,304
8,3,89~8,5,89
8,0,106~8,0,108
0,1,131~0,4,131
5,1,43~5,3,43
5,4,111~5,4,114
6,0,45~6,2,45
1,8,223~3,8,223
6,7,186~7,7,186
5,3,150~5,6,150
2,4,104~5,4,104
8,0,208~8,0,211
9,6,239~9,9,239
9,1,99~9,4,99
4,0,92~5,0,92
3,5,99~6,5,99
1,3,67~1,6,67
5,5,247~5,7,247
0,0,202~0,3,202
0,5,223~2,5,223
9,7,23~9,9,23
7,0,20~7,2,20
6,8,41~7,8,41
0,3,267~0,5,267
4,1,232~4,3,232
7,7,61~7,8,61
7,2,26~7,2,26
7,5,44~9,5,44
7,7,158~7,7,159
4,4,248~6,4,248
6,7,129~6,7,130
0,5,229~2,5,229
2,0,105~2,1,105
6,4,117~6,6,117
7,1,274~9,1,274
9,1,124~9,3,124
5,3,167~7,3,167
9,6,243~9,9,243
6,4,242~6,7,242
2,1,70~3,1,70
0,5,207~2,5,207
6,0,190~6,0,192
4,3,97~6,3,97
3,5,170~5,5,170
3,7,272~3,9,272
8,7,186~8,9,186
1,9,195~1,9,197
8,3,116~9,3,116
5,5,17~5,7,17
1,6,104~1,7,104
9,4,238~9,6,238
7,6,134~7,8,134
3,5,161~6,5,161
1,3,23~1,5,23
0,7,54~0,8,54
3,7,98~5,7,98
2,7,221~2,9,221
8,4,69~8,7,69
1,5,30~1,7,30
7,4,83~9,4,83
8,3,178~8,3,179
6,6,56~7,6,56
4,0,47~4,1,47
8,3,1~8,3,3
5,7,272~8,7,272
0,0,264~2,0,264
6,2,191~7,2,191
5,9,131~8,9,131
3,9,193~6,9,193
0,2,48~0,5,48
8,4,51~8,6,51
0,2,195~1,2,195
2,4,163~2,5,163
6,2,90~8,2,90
6,2,178~9,2,178
1,3,114~1,3,114
6,2,135~8,2,135
2,1,35~2,4,35
1,8,149~3,8,149
5,9,133~5,9,133
4,8,43~4,9,43
6,2,99~6,3,99
6,2,182~6,4,182
3,6,191~3,7,191
1,5,299~1,7,299
0,6,301~0,7,301
9,4,269~9,6,269
4,9,27~5,9,27
2,1,67~2,3,67
4,8,69~6,8,69
2,3,162~4,3,162
2,6,164~2,8,164
5,2,188~7,2,188
4,8,288~8,8,288
4,1,73~7,1,73
5,6,308~5,8,308
4,1,102~4,3,102
2,5,88~2,6,88
2,2,14~3,2,14
0,1,114~0,3,114
5,3,151~7,3,151
4,5,123~6,5,123
0,3,270~0,3,270
2,9,276~3,9,276
1,3,202~1,6,202
2,6,95~2,9,95
3,4,107~3,6,107
3,5,230~5,5,230
5,4,88~5,6,88
3,3,180~3,3,183
3,8,86~7,8,86
5,7,271~5,9,271
0,5,98~0,5,98
9,6,122~9,8,122
2,1,101~3,1,101
6,3,15~9,3,15
1,4,74~3,4,74
2,6,252~4,6,252
2,3,33~2,5,33
8,4,162~8,6,162
6,1,77~8,1,77
9,7,246~9,7,247
9,6,95~9,8,95
6,7,15~6,9,15
2,0,198~2,3,198
3,6,4~4,6,4
2,1,209~2,4,209
1,3,32~1,5,32
0,6,126~0,8,126
9,0,263~9,2,263
9,6,236~9,9,236
1,7,264~4,7,264
2,2,199~4,2,199
0,1,12~0,4,12
9,3,185~9,4,185
9,0,180~9,3,180
5,6,91~5,8,91
2,6,139~2,8,139
1,6,195~1,8,195
9,0,122~9,2,122
6,4,39~6,4,41
4,6,165~7,6,165
7,5,98~8,5,98
3,3,243~4,3,243
7,1,173~9,1,173
7,4,95~7,7,95
8,4,135~8,6,135
2,9,70~4,9,70
8,4,169~8,4,171
6,0,4~9,0,4
0,2,240~0,5,240
0,2,55~0,4,55
4,4,252~5,4,252
8,4,75~8,6,75
3,1,90~4,1,90
2,5,303~2,5,305
5,2,141~5,2,141
0,5,269~2,5,269
0,2,214~2,2,214
4,2,274~7,2,274
3,2,247~3,2,249
2,6,256~2,8,256
1,2,45~1,4,45
3,9,190~5,9,190
6,6,183~6,8,183
2,1,215~3,1,215
1,0,160~1,3,160
8,7,93~9,7,93
0,7,168~2,7,168
2,8,57~2,8,59
9,6,87~9,8,87
2,3,304~4,3,304
2,6,84~5,6,84
5,5,176~5,5,178
2,9,63~4,9,63
0,7,177~4,7,177
8,1,175~9,1,175
2,7,54~2,9,54
4,6,257~4,6,259
4,9,133~4,9,135
4,4,170~6,4,170
9,2,18~9,3,18
3,8,65~5,8,65
7,1,109~9,1,109
1,0,248~4,0,248
6,7,210~8,7,210
1,5,208~1,7,208
8,3,134~8,3,136
3,7,229~5,7,229
1,0,120~4,0,120
7,0,175~7,2,175
7,3,287~7,4,287
1,5,3~1,5,5
3,5,72~3,7,72
0,4,269~3,4,269
3,9,273~5,9,273
0,1,210~0,3,210
9,9,194~9,9,194
3,5,2~4,5,2
1,2,194~4,2,194
8,0,295~8,3,295
7,6,85~7,7,85
8,3,219~8,5,219
1,5,56~1,8,56
6,8,226~8,8,226
0,2,70~2,2,70
3,3,194~5,3,194
6,7,254~6,9,254
7,5,246~7,5,247
1,2,47~2,2,47
0,9,78~2,9,78
5,0,206~8,0,206
1,5,64~1,6,64
5,3,199~5,5,199
0,2,76~0,4,76
1,8,3~2,8,3
7,2,141~9,2,141
5,5,156~7,5,156
8,3,293~8,4,293
5,1,189~5,2,189
4,6,3~5,6,3
1,6,106~1,6,106
1,4,167~1,6,167
9,3,120~9,6,120
5,1,246~7,1,246
8,3,155~9,3,155
5,4,117~5,6,117
8,8,309~9,8,309
8,6,47~8,8,47
1,0,258~4,0,258
6,9,12~6,9,14
3,0,91~4,0,91
2,7,186~5,7,186
4,7,75~4,7,77
4,4,123~6,4,123
5,0,143~5,2,143
1,6,255~4,6,255
0,3,137~0,5,137
7,1,160~9,1,160
7,9,96~8,9,96
2,1,236~2,4,236
3,7,251~6,7,251
8,0,276~8,2,276
1,9,16~4,9,16
1,9,61~3,9,61
4,6,152~6,6,152
3,4,68~5,4,68
5,6,161~5,8,161
0,2,74~0,4,74
2,5,92~5,5,92
0,5,92~0,7,92
2,1,41~4,1,41
4,9,92~6,9,92
5,5,109~8,5,109
2,7,295~4,7,295
3,7,183~5,7,183
3,0,53~5,0,53
8,6,49~8,7,49
2,9,18~3,9,18
4,3,235~4,4,235
5,8,236~6,8,236
8,3,298~8,5,298
0,6,238~0,9,238
1,4,24~1,8,24
5,5,286~8,5,286
6,9,238~7,9,238
5,8,94~7,8,94
9,3,296~9,5,296
8,3,267~8,5,267
0,9,168~0,9,168
6,0,291~6,3,291
8,3,260~8,6,260
8,6,95~8,7,95
1,1,212~3,1,212
0,9,77~3,9,77
2,0,123~2,1,123
7,4,265~7,4,268
1,4,181~1,5,181
6,4,134~8,4,134
7,8,224~9,8,224
2,5,217~2,7,217
3,4,87~3,6,87
2,1,213~4,1,213
6,1,145~6,2,145
6,5,180~6,9,180
3,0,168~5,0,168
7,2,93~9,2,93
2,4,56~2,7,56
2,5,10~2,7,10
4,9,240~6,9,240
4,8,75~4,8,78
4,9,89~6,9,89
3,5,273~3,7,273
3,2,161~3,3,161
6,4,133~6,7,133
0,7,241~2,7,241
3,2,205~6,2,205
1,3,182~1,5,182
6,6,32~6,8,32
9,4,224~9,4,227
5,2,35~5,4,35
3,2,8~3,2,11
2,5,86~2,7,86
9,5,172~9,7,172
5,2,139~7,2,139
4,4,169~4,5,169
7,0,140~8,0,140
1,3,41~3,3,41
1,7,17~1,9,17
2,0,177~2,2,177
8,3,291~8,6,291
5,7,84~5,9,84
4,5,87~4,7,87
7,0,50~7,2,50
4,7,162~6,7,162
1,7,175~4,7,175
5,6,214~8,6,214
1,7,230~3,7,230
1,4,82~3,4,82
6,5,84~6,8,84
6,7,128~6,9,128
0,1,15~0,3,15
0,4,231~2,4,231
6,1,98~6,4,98
3,4,119~5,4,119
1,4,258~1,7,258
1,8,49~3,8,49
5,4,172~7,4,172
4,2,276~4,3,276
4,2,69~4,4,69
0,6,123~0,8,123
3,1,255~3,3,255
5,2,253~5,3,253
3,8,246~6,8,246
4,5,71~4,6,71
7,5,96~7,7,96
1,5,273~2,5,273
2,5,16~5,5,16
6,5,8~6,8,8
5,1,202~8,1,202
7,8,38~7,9,38
4,0,3~4,1,3
8,2,270~8,3,270
4,5,239~6,5,239
9,3,51~9,5,51
3,2,54~5,2,54
9,5,18~9,7,18
5,8,269~7,8,269
6,2,122~6,4,122
2,5,301~2,7,301
0,1,248~1,1,248
0,4,4~3,4,4
2,7,100~2,9,100
5,1,203~8,1,203
9,0,112~9,3,112
6,6,81~6,9,81
0,6,272~0,8,272
7,5,168~9,5,168
2,1,8~2,3,8
9,7,252~9,9,252
8,6,289~8,8,289
9,7,124~9,8,124
6,8,184~6,9,184
3,3,125~6,3,125
4,0,88~4,2,88
9,5,62~9,6,62
1,0,270~3,0,270
9,4,101~9,4,102
4,7,70~4,7,72
2,7,190~2,9,190
5,2,266~5,2,266
4,2,132~4,2,132
5,3,163~5,5,163
9,0,100~9,2,100
3,5,68~3,8,68
0,0,14~1,0,14
5,3,87~5,3,90
7,5,12~7,7,12
6,5,302~6,7,302
3,9,130~6,9,130
2,8,116~5,8,116
6,4,35~6,4,36
0,5,277~0,5,277
6,9,134~8,9,134
4,7,96~5,7,96
0,3,43~3,3,43
2,3,206~2,6,206
0,8,119~3,8,119
9,8,244~9,9,244
2,2,179~2,2,182
3,5,54~3,8,54
5,3,31~5,5,31
7,5,15~9,5,15
4,2,201~6,2,201
2,8,142~5,8,142
2,7,137~4,7,137
3,7,87~3,9,87
0,0,12~2,0,12
7,5,221~9,5,221
4,8,192~6,8,192
2,5,240~4,5,240
2,2,50~2,3,50
7,0,296~9,0,296
4,5,76~5,5,76
7,0,194~7,2,194
2,7,74~2,9,74
4,3,231~4,5,231
7,1,265~7,1,268
4,4,115~6,4,115
1,5,20~1,7,20
3,9,24~4,9,24
1,5,226~1,7,226
3,8,258~5,8,258
1,9,200~1,9,200
5,3,77~7,3,77
1,1,213~1,1,216
6,1,142~8,1,142
1,5,105~1,5,107
0,7,96~2,7,96
3,0,64~3,1,64
2,6,179~2,6,182
2,3,129~4,3,129
3,5,112~3,5,113
8,4,166~8,6,166
4,2,85~6,2,85
9,0,277~9,1,277
1,0,260~1,0,262
3,1,158~3,5,158
8,4,231~8,6,231
9,2,117~9,4,117
6,8,130~8,8,130
1,8,169~2,8,169
0,3,241~1,3,241
1,5,26~1,5,29
6,2,286~6,4,286
8,1,64~8,3,64
8,0,132~8,2,132
0,9,73~2,9,73
6,6,204~7,6,204
5,5,253~6,5,253
0,5,266~0,6,266
6,5,122~6,8,122
9,0,183~9,0,184
3,3,86~6,3,86
3,2,60~5,2,60
4,6,198~7,6,198
6,4,221~9,4,221
5,4,74~5,6,74
5,8,233~8,8,233
0,5,97~0,7,97
8,0,105~8,3,105
6,1,94~6,3,94
9,1,106~9,2,106
5,6,81~5,9,81
2,3,290~4,3,290
3,3,57~3,5,57
2,8,80~4,8,80
2,3,9~3,3,9
6,5,216~6,7,216
4,1,136~4,1,138
3,5,257~3,6,257
3,8,242~3,8,243
6,7,160~6,8,160
0,7,298~3,7,298
2,2,211~2,4,211
0,1,233~0,5,233
0,3,276~0,5,276
2,1,253~4,1,253
9,7,249~9,7,251
5,0,158~7,0,158
2,3,178~5,3,178
2,5,172~2,5,174
1,5,198~1,7,198
4,8,196~6,8,196
4,1,10~4,3,10
9,5,20~9,8,20
0,0,208~3,0,208
7,0,232~7,3,232
7,4,85~8,4,85
0,6,178~3,6,178
3,5,59~3,5,62
5,2,2~5,2,5
2,3,166~3,3,166
6,5,96~6,7,96
3,7,144~3,8,144
6,0,159~7,0,159
9,7,6~9,8,6
2,4,190~4,4,190
6,3,12~6,5,12
3,1,118~6,1,118
6,2,164~6,5,164
3,3,159~4,3,159
1,0,5~1,0,6
7,7,56~7,7,59
6,1,185~8,1,185
6,9,183~8,9,183
6,5,31~8,5,31
4,1,54~6,1,54
8,5,116~8,7,116
7,6,256~7,7,256
2,4,20~4,4,20
4,2,203~4,4,203
6,1,100~8,1,100
5,7,243~6,7,243
6,6,94~7,6,94
3,2,36~5,2,36
0,3,231~2,3,231
3,6,147~6,6,147
0,4,30~2,4,30
5,2,185~8,2,185
7,6,299~7,8,299
3,7,12~5,7,12
7,8,232~9,8,232
7,0,290~7,2,290
3,2,52~5,2,52
9,2,121~9,4,121
9,0,189~9,3,189
4,4,33~6,4,33
2,5,19~2,8,19
0,4,226~0,6,226
0,3,46~1,3,46
1,8,140~4,8,140
7,5,157~9,5,157
5,2,275~5,5,275
5,2,12~7,2,12
7,1,4~7,2,4
5,9,94~7,9,94
1,4,59~1,5,59
6,2,262~6,4,262
3,2,17~5,2,17
6,7,26~6,8,26
6,8,237~6,9,237
3,7,134~5,7,134
3,6,119~5,6,119
0,7,81~3,7,81
8,2,142~9,2,142
8,2,4~8,5,4
5,9,87~7,9,87
0,5,141~0,5,143
2,5,258~4,5,258
2,3,261~2,6,261
6,8,188~9,8,188
7,1,130~8,1,130
0,6,263~3,6,263
1,3,169~1,5,169
3,3,306~4,3,306
1,7,214~2,7,214
4,0,254~4,1,254
5,0,10~8,0,10
5,7,163~5,8,163
0,3,134~1,3,134
5,4,175~5,7,175
2,1,178~4,1,178
2,2,264~2,3,264
5,4,67~5,7,67
6,7,189~8,7,189
2,3,2~5,3,2
8,5,230~8,6,230
6,0,20~6,2,20
3,4,281~5,4,281
4,7,1~7,7,1
2,2,115~5,2,115
8,3,177~8,7,177
7,1,223~7,3,223
4,6,261~6,6,261
8,2,179~8,2,181
3,1,240~3,3,240
1,6,22~1,9,22
5,9,115~5,9,115
4,1,42~6,1,42
0,6,99~1,6,99
5,1,84~5,3,84
3,6,58~3,9,58
8,4,5~8,4,7
3,0,4~4,0,4
0,4,192~2,4,192
2,1,98~2,1,99
3,1,181~3,1,182
0,9,167~3,9,167
9,5,66~9,7,66
7,6,287~7,8,287
7,0,138~7,2,138
3,5,14~3,7,14
5,3,311~5,6,311
3,4,160~6,4,160
0,3,111~3,3,111
9,0,103~9,2,103
6,7,29~6,8,29
3,4,19~3,7,19
3,6,188~3,9,188
1,9,15~3,9,15
3,4,197~6,4,197
5,5,243~7,5,243
4,7,93~4,7,95
4,8,303~7,8,303
1,7,148~3,7,148
7,2,53~8,2,53
2,5,171~2,7,171
3,7,294~5,7,294
6,1,67~9,1,67
3,9,265~5,9,265
7,3,44~7,4,44
2,0,173~2,2,173
4,1,45~4,3,45
8,6,163~8,8,163
1,9,101~4,9,101
7,4,41~7,7,41
4,9,253~6,9,253
2,6,161~4,6,161
0,0,8~0,1,8
7,6,92~7,7,92
8,4,82~8,7,82
8,2,96~9,2,96
3,8,198~6,8,198
5,5,154~5,8,154
7,1,224~7,2,224
1,4,47~4,4,47
5,2,101~7,2,101
0,6,89~2,6,89
4,2,70~4,2,72
5,0,303~5,3,303
5,1,268~6,1,268
8,6,238~8,7,238
7,9,43~8,9,43
0,1,204~0,3,204
3,0,260~5,0,260
2,7,271~2,9,271
3,2,7~4,2,7
9,3,50~9,5,50
2,9,251~4,9,251
9,1,69~9,3,69
1,4,233~2,4,233
7,0,271~7,3,271
9,1,280~9,3,280
3,0,49~5,0,49
7,3,65~7,6,65
1,5,109~3,5,109
8,1,162~8,3,162
1,6,92~1,9,92
0,0,115~2,0,115
2,6,74~4,6,74
0,5,168~1,5,168
4,3,184~5,3,184
6,0,12~6,0,15
1,6,7~3,6,7
2,2,170~4,2,170
3,5,43~3,8,43
1,3,89~3,3,89
6,9,85~9,9,85
2,5,126~2,5,129
4,3,181~6,3,181
1,5,262~1,8,262
5,0,7~5,2,7
3,7,22~3,9,22
9,8,192~9,9,192
9,5,63~9,7,63
7,0,183~7,2,183
6,0,289~6,2,289
8,5,266~8,7,266
4,5,233~4,5,236
4,1,94~5,1,94
7,0,204~7,1,204
3,8,125~6,8,125
4,4,18~4,6,18
1,5,270~1,5,272
1,4,307~1,6,307
1,2,94~3,2,94
3,3,169~4,3,169
4,8,176~6,8,176
4,2,101~4,4,101
1,4,117~1,6,117
8,0,146~8,0,149
2,2,69~2,4,69
3,2,192~4,2,192
4,0,48~6,0,48
2,3,71~2,4,71
6,3,57~8,3,57
4,2,110~5,2,110
9,5,47~9,6,47
3,2,49~5,2,49
8,6,84~9,6,84
3,6,306~5,6,306
3,0,58~6,0,58
6,3,272~8,3,272
4,1,190~4,3,190
0,7,303~0,9,303
2,2,245~4,2,245
4,7,39~8,7,39
6,0,61~7,0,61
8,5,207~8,8,207
7,4,231~7,7,231
0,2,140~0,5,140
2,6,87~2,8,87
3,6,10~3,9,10
5,5,111~5,6,111
5,9,86~7,9,86
6,8,256~7,8,256
8,3,55~8,6,55
6,2,261~9,2,261
8,8,234~9,8,234
4,2,100~4,3,100
0,4,31~0,6,31
1,4,222~1,6,222
1,3,6~4,3,6
4,1,180~7,1,180
0,8,102~2,8,102
1,7,60~4,7,60
7,4,256~8,4,256
8,1,158~8,3,158
2,1,115~4,1,115
3,8,253~5,8,253
4,5,166~5,5,166
3,3,114~3,4,114
5,5,71~5,8,71
5,1,247~7,1,247
3,5,171~4,5,171
4,1,70~7,1,70
4,2,187~4,4,187
6,4,80~9,4,80
8,3,66~8,5,66
3,7,156~5,7,156
2,2,118~2,4,118
1,5,47~3,5,47
7,0,289~7,3,289
4,0,245~4,1,245
5,5,79~8,5,79
0,6,13~2,6,13
8,2,7~8,2,7
0,5,3~0,6,3
4,6,42~4,7,42
3,7,61~5,7,61
5,3,81~5,5,81
6,6,312~6,8,312
8,9,19~9,9,19
3,9,11~6,9,11
2,4,141~2,6,141
4,1,243~6,1,243
1,6,160~1,9,160
3,8,240~6,8,240
0,0,136~0,2,136
5,5,256~7,5,256
0,0,2~2,0,2
8,1,3~8,1,6
9,5,190~9,8,190
7,3,48~7,3,51
4,4,103~4,6,103
4,4,278~6,4,278
0,2,215~0,2,216
3,1,237~4,1,237
0,1,63~3,1,63
3,0,162~3,2,162
2,6,118~2,9,118
1,5,103~1,8,103
2,4,23~6,4,23
0,2,207~0,4,207
0,5,57~0,7,57
3,8,46~3,8,47
5,5,250~7,5,250
6,3,78~7,3,78
1,3,309~4,3,309
4,1,234~4,4,234
0,3,130~2,3,130
8,7,5~8,9,5
0,4,133~0,6,133
7,9,184~7,9,187
9,2,266~9,5,266
6,6,23~6,7,23
0,7,306~3,7,306
5,4,196~5,6,196
0,4,70~2,4,70
3,3,302~6,3,302
7,8,302~7,9,302
