112122211213321312213333122242124444213132442212212333415443415553515341355142215115454422331412113142112443113442312222213131211133112111211
112121211211313321332211333112413314132344213312114142421441124351311254354224421131214433255311324221133322132243131222132332132133322221222
111211213132133123122332313214211322232411122422331452342511544545421511535135512244445223145211232114241421224432131442223231221322131212222
122112312212313213332231312412114243414332241343233345451531123232453143325154331415314253354214425344433441342143334311133212131112333321111
222113323222211231223111233332231343334132211243155451245544312124243114113523323423543451412534412212424224133421111413222122213312232232221
211122332323322331333223431442211422241242335541255525252535442521225513315241333543245551223311354552113114134223323221222212123321122322311
111213123113222213132211243111312213233243341133234411353214153154123413143535341445153232422235154423314314122221241342434421331333113122311
112311213222131233424312334323221213255424423453433424255422543121131351451213425354345151444552425332513331331324441413344211213321112312112
113211321223322334413223142442233125514452533311354432544353215414255251531512315151555425345315134444522434124222143314311112312322322131133
121133232221233243223132334344242231143415552113544312143315323626524622524642243532235544115221323542242121211341321333443312343221123113332
231322331122323411221233143221214244142241424325455545522233566356325632633524324365434435442544541444543442444134142311424312424222121221123
231111321312312244341322421143542444431511432152414142546554225663354443464445635363234543553313145542512311222241212341143314334311332122332
112332112313421122421134224435213335455321325525356233464355335453435365424452444222656542323241542214443512242133423211211121234343333332321
331323312324232412123431342431252154215224315252344665422665226344226535434526646366546435234563542333313155541332234334244423113244221321331
221121312333211222212111212541115541545414452422326544352432656252353556446543434332424454265553242245512341235442555224111214213132122322123
321231312221434321331313143123225255313555344255332266263256355634446453545464664343646336656526662635135332444445133434431443141333222132211
313313311133424243133414154444341422322543655336222356662462465265445653343334663346253466463563436662334215321352444242331111313223341321333
311133221312442443443215212145231414412566362666452332225436634326446263243642345345545655544446525532644214113311252253332113143241312322122
123331332111444214222332214234445232154664262454554455544355356462463422664643665244623462265643435552432523433343231431223233142323332112331
332231231241232124441313345415525312524466655424643453442452546446635653537645464334435223236433264665654441515323354112414314114311141133231
313332334444144422332314121211235423632565665642526445526253437546556347477453665634366432536242564642654656533354132252125133133443413232213
313224244114333211345114143533151422354454652542233545437437456574655375447454364743373344654626432633256654631142155524233512213114124212321
231342444221443225241421254112342243253552652432344623744374364537457535343345366574667537463252335326444325354451334424343121241131224114321
111411311211233241411514223525135246222564546644633764547647333537335366374356747637334374632644336233243252334622131114522531522324334212212
131113434141224412442124451524252442352246362463256553476347674665637736753664353656757444556552332633345243335562533124321433334342134222131
324313113331223234525515453115625334436352636636373555535673764633573665437666733566766566776437563522362442355365315154121242222344323243244
333312443232114355352253224244643535235556365776437756347757453645635665545456764345774365365737553323322336626322533144523235321124234243323
432434243441134515535154215433552655522233234443734767357565374764745735677633376357747545736363776335426264524623462231331213244222134443413
442443431242252224313545552656255322334366544773654533437653463536576355464536643665666344344443643364535545543565523324243444222514443141421
442242434323452451535151466544255352524476477573333547663334574366434667733545757675747574534563763536732543523453646244233335344221411424321
342414222112451313153342346256562226566545346334447763537333367446884556546744856743443675635574746764556362523654626225151422321232321124443
222343211242334415423435252342626523364456346665453434665776545647854787848785876646334574447475555643545545622643346352233454211134522132143
441344223314454434141565545526564653335635334666547644754578587685848565844784577685547346675464365443445435344226364355545331245523522112443
143311334143213114341533564224254443345567536344374745545656454667548655846885476777865643346435435457535666565542362366631232333153243144442
113432422234232143342232236632562323773366443453356384586645664678766746848586587578687484766345365664735535532542636422263243532542453123414
442221214143113543415625522256655353444365534336365686877678787588885766658566648774888767858347447464763353546233355426454224553212151411211
241133123113453342225232633542222453654733736565546568655858676766444488447448685567757445468647375676755355765426454623264342553543225133311
331414242251343331466265563425353767735566336538788768448556587864485655744767787755875668777684437634435664743626364525346544224121113221342
423244552324252442223634352652565364645767465355755668746666764587446844455647786467865447674855854653357566453622454353454663522352551223421
214232343123341513466452462356745736474466756768466884848764744877788855856557574667767844667758847333737546346556366336234224225345231224422
231225544221534346622544253456637765675367747477667787676456554557597866697568648567556767674784874875537473464453424322654436542532223125113
331412224454525263466526342525766545476555568588447878446446878965776657888567598776477645688757457687456553347447246565555354545534242233332
313133152321333342225343442474744755363635477448587854878756598588869877875799689676885574478648876457636765756476754555635256525415133515321
234233341422142446422262336363754757374755554478674556668788859798559696858795777959964748665548887455873755643754544422664252254113431414521
232542254545513433663625624663473476637448645554854555649576555799778577659687557589578557858578467774875434755453653424345452624352415155313
323112112123233522422466336337344355554777448775845847777555797889659857969785866798659557447655758777843675775757756655236245643325534433451
211223212431114433235344247454353757767475765586674846869857995895858956996985667655768996545557754787667534554333664236326566463133552132131
334235533453223225256255566466657643764466868444848676578697799579867885697556969588879886867844756674877664764437537532636533365112313132353
314542132313553654432335573333645765347555547455576755765576567857698888655696555675567858599648654555546753564735733763623525562443444355234
241155435543355463233562364676754434874476565858465677999895758855695676799686685776669969956985445575878754766376344535443454622343243123552
243343224435564435524523555564745356855476786885656568567656776956899796967557685598869655566588884476474466665747656335334425345321552551432
421443331235422353626237756447437357877746455486598789895885788979668898977996978758575558578656885488748565637337455436364244442462142554545
223543212141244355446533556746455758877575858867769666576886659777997688876967798765695999779888458548677586756773566355434332666444431345544
133452122233222535632363575345365475456544466667759776977975687999767767666799796796579678868586555844577688874473657733356323323654433143435
413232145126423346365343377445577754678668564896777597788979888768966897897998986887878698788789996467554475766434536355345466463224215224215
113244245532665436226667547533445445575667746998695586557596996768966789868869777766995665969758874567877765455656654746744525465244153232121
125421545135264534463544357676567558475845856888858666659679867768679778777889977878975597895579999874678558784775764753675352452236242141234
324453414456364344355673773656777487578686476857676559888969976867698897788779978896966896976875999957786865477734743375756523546323215112115
214335422242333264552563444477665566475874898979785978896776896786769869897768667779876687755565876646866878787443665536774626256633554222312
352531512456253462266577776774456454688648788869965669998777796896967787799867786698698866997888666767765468744567344633452564655366412144345
522145535422336456424743474433754848476684565759685768999999979787769689676688796987969686957897769896484458457447737364436252444446642253545
541541214324662623644637345673578654746754858797695987678788799667799978999766678988876898799655695866884788856634555643533526464623243534311
421533142254522366463744547655554687457875968956756978897876769767879779899799787977979788665566567776544854864574477734745622363354463541413
443455155522335634655646547577568777588476696857685666699887688799998799777778999688789766956955668589784786555885775574536366622422324253224
122314424326543635267573774544857868854575686577969589966899889779978879899878779797998887898868886585488656555566375565555532353653242115525
343354434254653526624774665533778585444777865998657996879988767877998789887989776996968899995579679789567558666774377363773552253454453232322
531535251222235253243457467344488565645768585565658678676686668799778799777788989878676768797697686797874788447747463655446522243254522233321
522231323225646452444346564637864855555697686976887897688778898887898978988778989686986669677596995556587776788676756545436463224453243541334
541142323632452446634747577337477888588786975768887666799777787788799979999899999868988769665565657756648877666677675764733452464422251343134
525312252262633555666747545335666656774675679979556699899698888789878777798879799967966666865687777796884467457857645447655646354542253213125
514554245245555423353773477454474665877887995776866769769866689798988897999999899887979978887695886759584458566474576656555644343325521433443
115333414546534646644477555635547777868877788585755888977899678897799899978779777798888668987777958876646586866664344347637662233366563312542
525122152252525245676647455544887885445467588587989676979766787989879988788798977868788877868669585576875658878474376537737736436563363122433
142531122363333443537634647677547668645795968759599676779898687799977777798777998786699679986975898899948487455573537737475322333236663552333
515111215366252525273743765565678555887578865769666968767777799988979899889799879889999668769788956686956866676557454636736626453535332312321
414432333666454662345664773746488774457677966977699967987796679797778999887787999686669696688559676988584868854487644654777432554232345122135
221343534643564433433343477433465787588879866785788879799698769989787987877897997979877886765697968696644687755575663435365453654462554232522
332131335543626245226665345573548846458645658899968998996667989997779989897789888678997866978788977988458474547557545353457644254546225524353
412135555264342535524655475434588447474758786998758579778666876698977889899888877967688668896677989698887684774553446335645562222632665242332
424425321665425563266353367376588858465788957897689896879968668777898978778899796976666999889999775796674557678677644553754234456345423451331
141313425466655623356354655344455864448668679588978566986879799997978789889988878767999687659685799565866567446836534644743366434646365354135
415511252423422666333633364346575755748477856557877557879879867897688989887667889767889687555956659885847855684854365444475253235532222411341
143152221235652552644475533366765758467664666999895895967788687787979887698888896969689689859765859797878478454637756633353465423523451324521
354114553523533433635776736376786558676785458899986676866787798876689666877768878788986776976756979978465757747863354733743432336645413355535
455334121424642433623357366555457745745475558785977586976996988779677866869668786698997869876776765888684556755573465337752222335226644135153
115343131124223244665777335655736688886574857598599657759897886897768679876668969887997789897697698668668574645547466656542624623232255451511
131122351333323536442563663576447864468868766959776687669799889868866967688669686868696599587696575775888666858356776755442636462233551431443
243532253322562225643544537345467548446475845959779677699989779796966968866666998899956789965657667746847565845745777454745542562264324551415
522115322525546234225444635654336645685686454677568575558886869969687988797986689969965658868756875886886864585353476667563264455232542545513
222453551156642642666673557333657778445664654757967976567579969669697998878679877778976859688765974868656478664457546434754346254335125525224
342325553342545262342425653645757656856548548746667886876779677896899969897769877897657698576865585475457866865474755453426346565541312312225
421232343331356265543226657555773448688484477489878978975987668698877899769669885799996878995575785477764666336344765773423665654343314514551
224513555414456632226462533464453655665785666565595688899686956955675985666697958966975698895897475846776684474463577662343356354655135424543
311155141233242433465633557366777375547555548474858896876867765877875999765896895898677588669768484858886866447453757656363652322451111343155
131422553534543444552236363333674754445554488574676679758895965559868997895896858688577856877545666767758834537445635353646646456331154223323
244232515342345446446433543347775475747874685755567587677668586596779975987987786987966598588687587785457634773643563665232546636421213153533
323352222125423543335545457566346333736446856876684786576778579867689776667699968655775986778488645776557445565637773246442424242312241443244
434255443415534533555553465636565564645578666757554848757656788988966866959978778977865575884485886765445535755753576252665234256112413235222
132351421521424353556563656634635763464448768677468667885695585686766865665896679865879456558457564768466746335775736564323454452113135333232
113422251221242655564224554346544445376757478784558546754559599976659688977987989865556688764654575684846533443754344242556655255351514424312
214345211322422543265365236336646443635638656657757775485564965568557659758687558798675786544447777545636437545767653264656343252435552152212
214334345155322146664263535467633544435643757774468654586445785776599767556655796456867588766877647776375363355575242253536255243213454453133
434315252243115332254342353257667663735757657556457464444777586644676659958746586746857757844888478633544554345577426555322563525125341334331
324331443453314225524432634454334554364453457465886485846444775446854567766788476746487547877844883735557366774536533645623434315251215352111
111441414415123354465656646556664657577454447487466648448764677767465665557488467445645475468447576367545753436733453326532251451114342411123
223134233454154523266554324324433646433333537546585454875565486664468766678645467877544677845644434466754533555265342465526515252521414223234
111112134142335341546436444423325577545774745476767578764775466677658488566588854674858684848646735655363335534524252452452412421432242111121
422234141511224123152534324656365555475757747377558648855468775875874676485864856744587856547633755364445557334455636535635122441334542324211
441114231412543222133345464323565357553544644467533655484786744754666745484767758864757465546436557455767373455334326666544222321245114223331
213123323235314332134222664224354446453466763576565754645668684555787758776547545544858467556344433365653755436235235352652535223513514121431
221141244411254234334356326266264662676546376557533356375457747456478886755444586764476676537474357733734464245563534463525113353525422344422
323421332454242445311253265323333345635664337753447755435346555575464577564565756444374433565465577754536626526366634542544121455513543224432
413124133111424355433324663442262525323463764476557574665335453488568446747887763345746364464355466555674454432555462234254111215314233342214
321133341322321534222332243564442526252563654746467463574354467777344657746673763377355636376773757757643436624632625344335344514352214143413
332113124414145532525524434432363644234366454755333543536364474574475634775434574747764666555475745755645434632356463124525553522532334423232
323243142434223554234151344344264344266255363547455647467346633735734346333334465353344653533467435755433666345233634511523154423214424321232
232441424222144521315432315123433346254426256455463476643466365576374634546434354335677473673766542342552264334364615133254353424411441312222
214321324241342443254431314126253533344252523643364554353774634574553453347477356663764474666537364326654452625442243234551311451324413311324
223323113211312214315251551521262665556552434664677754445343775546743766755643534647575675454363664634523464334631241142352531523231233123441
131232143242212242125335115155355443664554343254255363737543757333467754333547753535437367674565323323442546464432354323213433112311134112233
233214441432311444525223542353446653553354223432226264434745547673547356456466544544744765562544245634545264355125222534555222413134441241122
212122211144433142133424354232313336664666653355552533526373764346544743453336755763434225623566525255453322255232545341323532143122114414333
221233411134144234421323353353515513324666622425636664263533676536333544677547637556253664256324526466335463545422251113224144432111431422111
333213142334111224442542235141545531265226453562323366565425544322355447535764452322226543325655542366653245535515541432315244331232344333212
333121143442212341334322525322352241222425564255346564245626233323546454554543252366522446445543463243542352142245523145114411313244313431333
131213131112232431312452223444425352514244652544354564562546332562662436366452644236533566553225553563452454511522113512244433222421222112312
313332131442311334132235534334155523443256522545424345332533646563525634242624256223553534665645542656442114555531123323311143434234431133112
211111313333312314323143422453552322433334535343445542533264346425364652435456335325522645443646364233512335212441231413211241343244413213121
123112313133342344323432324123554545533131112244325256265454544646234464662362534335262645562446361232412323545122145231221423111334111321121
322311121231113444342242344345134425145522141542245425452222454643434622456225354346466424542522433512244415353331514241412141241341211222121
112312311222242132133324343222532341445415452324453545633636365632332222363255544533353534334232524122313241243453341232414443121412233313233
232312313123144434443441134213322144552214352255424112455364662445352654263545225246533364152334113251352143145132243122313444343112213221211
212323321132211132143114342111125251433414414353221451212444524346426352234455236425524122153224241322235254512521112443211442214132331121333
133223113113132231122323113134142253423134242233441351153553145354365464543355322124253431432531142112415553531231134441324431443121231323233
212323333122112312234141424243221111551145324135222333523445555244212551425243323454253314541243355532323215242241444214433313121311322212132
112111323111312313134344423144442332544425221435254515233144415321244115355443424152443212214543244243521111334323332313242141231212223221132
111333121212312223222333344243122342235422241221254421432345211515332525152414314515413143322523315351411342214243311233312312323313322223232
111213313312122213134221411111333324144342251251134551354453424414433332523444324221245134525322123541223424342134244444111132312123312212111
121223212332233123221431321132424432311213123224341214225323333233254334432155214512543423523521233142413224231321142132143312131232323312211
111112221131131213123131132133344242123212423414132334342252144432151551424555325154152522531353411141142211414411331333322331122123223231122
112211221211132132223211443311442224442341244135343511213324215111321222535314341334512553343312233131223331133242312333311231311213112221212
