7225271234724212144362411223531221412264267255242242226526263674477422436246415625223811384523523527
2732232152244247352233231126626212133622663684241521772423142512635646322838267164533353978242234321
4564373663585643666345366553543455645556645564345655376526485635566644454445647585546654855656434656
8369435346745444361836444224435643457444244453427544545553325443984442454445442345753734444746432263
4543643542213522262423222436724321332325426321633925153232623726116123672222756264253511124962272327
2355432321712245143354432442242123133442213421212235162134343242443422232143414133329814424323412413
2611345253222334232223144423333253432333332123342233653323235331652331322355222334126132235342236243
4425545232334423524521355225424253444335324443452355625315541522652254344631453425241252554447224122
3143543452131313261135162221162125465312662146545333131411556624356225232613114521332255631616355789
7452243535452343259248312335178633513842436444556292453458164452555743343523564524443123333745242161
5293767949955645755355857588665658624753447554647674393995441228558955575465574835453763652875533465
2222342222123421322333222222242123223223442432222412311212133222121232452422332323333323122344231552
7233322252312332126282241282231142722123233952522524222326234592423465922224233722332322122322543233
2112512246422222222132224274222222224122222233122231266312232234322312352213222242323222223424222229
1222421442444225212443423422334632253433222432333344244124332342121221524214152122342514352221421222
2633454444334332444134374346533233564443442334433441235444444373423334423364444153434543438144544654
1533642251232652646211672651486625662827552226527822227227181857556393623296289452835722915242563654
1748711622868888575627351226421567152757651778734443416727366563611674473832314586712774424364845389
5854228457552557268222372563429617612342354273342524122226542536345124534527144774233722247654752234
2433322223217342224225252214212333232242432252241222446252222152122552222222121442232422222242272431
7532653744452252545342556352458563932222265562225225434233266333322326642524156352153435258643223253
3432122222342332232122322311242221234222223223223222124222222322212123122323222222222131451231223211
7334533733653347323362233333334343763623341243213567437335463443635324623874473833664136332432135423
3383253473363442436342324444644443684326646443536343483449444434344244344334434343447433764452344244
4292442753534444533415455544242174353541357644554544466554543342665455463444344645545545543455434555
4416442475442244431329444243298244334344413333684493324544453444424444943461444243944544333384443533
4412766634366555876645464667523637766557555645525866644555654464743446761665657544366764577336743645
7777572446474373646764474657467365867655235564673456464362441362663355465667566472563756578557457657
2132232252235322226443412241222241244322344652117341212232422224522522232921322325621214423325412232
7647585686564577476759794665376766754676563775657757377466554437785666574667754487678776557655649776
3323554646248345434343433416386357343357463429345344627243213225823623542359324628512444465256226223
2622223624223422342222242222222252372222321221222242222222412221224224234221221222342222122322112332
3322231212212331222312243224121223122222224422112222223222222222112321211222222223312224212324242222
5433935368444335243453444576454443433476388356434844833434324246745354664444444354391626669324543441
4212423444333333221334114122243322343244124311123232131242332324214331344123444422114221313134256789
3243122323353233632323332234242243334444731224313232222411333232333244329243352322334543323444393336
2218422214227223241223222421223232221223412243242212232312222242222121333331231222412122133522622232
3342442112235424132432222112333332142222212242313324332532222222221322322232321443232322232222232142
2221212322522323232232324334422122222213322221232332212233212122222231232245222222224223122321224223
2222422442142252221252225421232222322322222324223122122231222266222221222522133222322235123223221222
2322465435933353544434854236497448464623226143424664945483423671565666774233785546862887279993346562
2222211221124222522242122212523132212221622489322322222223232222323222222223222222226222212321222522
9452332453235612634643224324353271252353626428545255434554353235235113244443455346324252562143535153
3413362338534142223544542365334724542233423657132222534352524322544425243218424322272261322324422434
1822532432221211222222422261152122242322222222542272221726242222513242242222234221268237111212225222
2343615211225343332322233322214224123722226231362223212232424213343332224312212122322323212332323352
2822222262722222241523221333424924224222942346126242282492121242433422763512224222322128216322484622
3233333332343233233533333333231514432334532234331342234333332233312333331112231333882222333323323272
3634313354442344325343444333525443443134153434463433644231444432463364443424435445433464544334243235
4639644563378279499297964852336386257542346841784385736398651494856245927464578459453536749326644797
2242311822124354373424222422213222228122223422152535522322212222322212621422382222122222322222322122
2252623434212136221222372223222122412241232224122242232512144226222222234122124222433342251322212211
2222122241423222212242222411223552422352122222322152312342122312232221224212322142212442222231322212
6244252353123952213442534222253534252454326634321425244243342426224322522172473522231322223222353521
4333543356548235246524333393362744343344455593347326543553514333245547337444455443454563443321344536
3533332423514332335524333332332351423113354324333323454433331334351333333353313333333343343223533324
5652255563212294222222465222324252124225112342132272522322253222412132244245552223222262423242625245
1221211312132332222723322222412422212422232113212222223222211122122222212323222222212222222223112222
5145135474734238365353343542433623356533236544164532553344547633723232137334343533226255312575961264
5315343242261323275421431712823242434235364627852284642126272687255476752764933365274646452442365224
5642532215322323445132521433232522147332232522522573222252233722115225555821337733322223234755324622
2233423433232222223133244212212342222422323223522322221232121222223312614222223226323332423337222222
6691228222358226242329222512435322264243382882834271221282527913222226332592742345282441932227227332
4222435442344556423334244225235244224465532412541533333512532213556432232253722332246421355332342443
2252121322231317612522222221248252223422212622122722231222222422132232512222242172912321222222222221
3223241326422156533426221212661335322464158353242432366244422146853534343257552296266226212144223523
7732333733233323358333335343213231333337433224373333323223342432323333323343324325233444236732233334
2332424232234442224431225232111334223221272424222212322424422314822214122224323223232232221245422433
5115862523127395846723832323364238132364221254274483428277455233451555525274349323441333678942573392
4543924445354644357646699486675344553488997464737268784335549439442754333656494332379965567643743324
2132121213223222332141212332221223544222329225422132242321523223223232312142236323213314122122212414
3322338132242122332225232332335334323333223333332331223223131311322222233322232326222823233222232222
7854747887697589679896785477976699898898489979879947557768756787898936789889384586468988796669586868
3453447556364933365661545253364334595973554336648299525742132593345536986468476461454235345472344969
2213221222254225342232132242222222282222221222322131242422222442212324221222222422223314412122212222
6233234373252453351222363322333315358736334223231753374331353333323553327333353143843425357351224314
3233312223212211121624422322214233231223332233254221342123222214422244232222531323834235233226221331
2212323421223121323332443224443222345221333212222323131423333233222442142523353221341423425324233235
6645357642446536446526646335544526446426365435323664646564365537423556565746656656586143463624764466
5675156114647313267421276335627145123376135311243435621547553544511437113563225311627141117433124189
2622334225228522235323224522242415425422137323229113362452512552336663222226124273223262122245623522
6372723122325211132322323553513322772164374452136345634334322432746263436522318542425537425323922653
2264222544242222244235223537512223222224443232332222231321312234412331221622212524552123345562321214
8243342754245225222323346762212324222342214346473436223922446112223494333346222333233833225325234521
6544656655652725663382366544666345365446555662655335666346436362563455556546566534465246423666644355
4323321344313232423333232224233233222241623222232334222242343432223122243331222123322211322423436432
3453354443321454455333463342343233326513312354534452423432335324513495545434323343322333463352353513
5333637555532516342236353354232342617628435254536652135637244541562573755322561725122265846463825328
7276322656462966444254343445675636253554335648142269347677346435557576456764375335455346957537855625
3523822132127624422573333322783532632926311223273125253472132563923312633334332333333831323322333213
4432342631424622422112162334114972331423522211323135223332334642612225232226234141241441142512244344
3162322432322223612712312223333267562244293346524222222222232222282632643125363224252222727124525442
3925424626424242181144143413232226344344244132314222326224182144324262444343323943264741242433226224
5424624643236243644431533363244433143226432564755638324565441343435353443546446535654255544333445433
4221222442334421222243322145222122222262222144222342243232622132224252224123482241234232222214227244
5647896865938598649573688695994665537995488477857977776776667798978978655799985763887978666997795887
7786864487774365776434875778428573647588554535456574587776375565564665567966676576366756659565666464
4342433333365333323333332453333333423233332223343244342433342223242333533333335243313433343353311434
6455766776777757775768275766865764656475356457676657677764777575753556664755859777477777767776776776
6246613362422643435332234241222272112182244247376472222154447532521547524531461448112719838649222332
4434534133434337233333443344437663233243233232462231242535837744225433122431133432743335364542143347
3414532513342334151422113153521232211153452513253114344354421533153535524231133345554253414333126789
2321244833132342225632332233383233333633343333132321342423332333474332233233533223333313343333242223
4442444324541444176344413526536349214997627124464444635995642675624844552484747374736563445455644494
2234342546832322333452428423832333634832483245251742243234553223127248232232833632432612332467244256
2226222152122233224221222312221221221222222122142255262322413431321227222222522622222561221222223223
6326113223322213222442222228222231176222823322222222421635225212322447223432232221222225226252222239
4333433322232323542225341133333233333442324335334331231434332222314244332444543442332312211345122542
3413322223432242223143323532322422544325233323442953338134327432353243233132543153324234113243233254
4737419783478475494946444873768568737854963797438384685657348876777377584486849484668874547837298454
2434155233533121234129543325332342422537653274385343935524482326343832584252422425223442423524311623
4334443453133233523123245313353244333351341234443332233533454733632372122317233225312333233432333235
2233712331232221252132112331213322452413322328532912442332435144213725322221322323213533342353332222
4343553344551444345645543444334454344444442333455144433554534542493444544443434634542334536434435544
2222323411112222212226212114223222222123112222322212122241421241222213222122122124222112215222322221
2226323222322321222226252328222124232223222242322433222232253323322221122622135218123221222423322122
2333625343334252281355312343162455734725897545564733342355523332233198753383266335333123446795417563
2322122331413292242232122122212242222752222222222222234124232228112223412212312222922222252624222224
3422228184112245211125381133222324235332343552242333235322232213352213252162272323522523432322222332
3822785528163323628911211438233225286235727522762516662238362129546823322925521352412215272632622321
2421222243222312222642424534223122332232321432212313232222221222514132256322313321332354322132313343
3127256445525342445484425422264225434255272225315455254434334332488536444233332584435454317517546564
2234332226232442225222432924211274342224432761322223355445521222223213522133222542236223242661147223
2425223236642233925434435833432456375444353437231323754355465333233344335445438433444235444423432322
3533633333452333332345362434323433432433333383513443323457336333336333334324758683343642735337834533
2252654434833222237652242236243412312124324222321646121162224922233142233226551227244345622321222232
5467475825489845355376564954565444247557335753554349834539575985675457435455555454547846559253555454
2313252632354455436224434222451212452533354252251434225226452234222545225252555254242461252225535231
5346644244646435443463335585354244624244632335364533354422263552544544445442455554434459546533256656
4445186526434446228465544556235252656765525362353597454566664536554756735636555323486565634645565625
2453234354441252762325544935632522224752252244425222442142524354622154553526573522213345234233426324
2312743532142152331823121334211523525233334423213443354332326142235723422333423333233215327231323234
4343243644326324533252214334342241433253413256234445345382347613267494342326243143435333242344443434
4421232223123223324122222233222222223232422313213512242412331224342222322222243712121221222232222214
5332522334341255374252453245512423343344243223517235339633358244423441223251552215244524234124325432
1232222223342223221222224253221242421232442116571212226122121222322225386222114224622247432222422252
2172565557125599746734226563538666286364526974771662666126127642413755338656362626563288272246444747
3546664456553754744453434354445434466444363675542344444686475444433442443546444445455644247444547445
3622432121223222324223231244153421212234244222253331213262322223232223232343224231312233233316231212
2222222242223226232632122222224211212322241112222242222222232225212272515212222222223223226222222225
3444334423453234334234123432233434432443223393343234334339712224244443265334122332222142243234346234
6464564255455414133232152255253433115542343245556452446555424241353124244523354455355552515555444125
3327433333833313323222231343313333444333333323332133323313335333232223323343333433433333323433442334
4644545535686555666368553333445673455545456744697645665649654764666457567875455665656662365576757455
3235221184353573241417523222323232834643415525633332462423644462322448283532222324432353534732342434
3232332121234323311432323453333433523323322233233234433423221222353222222353333412333222213522113522
4333152522646136364333343353523334812533351433323624643343233353444234434254544233522312223253322523
6281221236235213835324324245227242335234222422232336212214221262281323223532433223635322256644226232
3251325222382351353452235255323292291233332374363365247522263383312912433263222223355323233312532335
2126223323325222323124223244211122332252322212272312233225323231225233421322221232333213267122332242
9322212121726272222235242189131462213233254598993223225224323224822232122142222221223232251223223123
2743623521546349486423342296372845423471142246232522245435222642623262646372855554442223453325564512
3133333532143253432473339334733233322323323563433562357333113613333362265134483333333353153263432533
1263232422252222222321322422462623722422436222222239222242122324252132252225432122463233122212621242
2222132224411222222216113212222221342212123122122246122313223222222233222224422223212221122212222222
4434432322424334331131234313224431411442242223242621421532443524222243424243323424333413223243222274
3333333433421332233353333343333233323333333333323335523323453353333323332327332232313334333235336323
3154375327476284533386662371514734453436433533452341336165633754256266381283144655533372232341248622
4325444543233333212233243443112334343433251322513333233333444312525244444423313233345324442262453413
2222425122222224224222131212211322242123222522233222121222121222222115211212211122242122232221172231
6434743664435352936667854533845267566353246637342556266466335515463648364636665436666567667637753464
2331524232223322912432223222222231322323222122321122333223322133223222122311331433323212333723423413
2221222322573223332132242293295492232251213322681245224222132823525312322321412266222214317321444322
4321213332132462343421536232233325232351222221662221122324222132232232212122233242222322836222113126
5567235387733584698333746428573863637468963334336566834886343854274635537235333378332633645565344633
2112142234222152244432434243222245225342741411222247312324324122424124154544442333443244241442221326
3221249222232214222222242232122222222221222212322122224211414222112232122223123222213211222222123221
3331323535323745462333333232343533423332314433234333143433323443523322223433323323335336332232342922
3244445442226552232643442656495443235145334223234332663414221233372344423262449445536561542535345422
3455345345535254465755454434355322516435344455342655354125415535452535635534354455625232215551354531
6252636222242332673524228272633522462462352224652132227223242626223242162122232242226371522324241224
2211262342222253135244612515235213432227222321122122223921443352257425324224333265232561325252233525
3522455625871547222443423434144323595522215466455324346554234453135226432325345366354326246464322444
3433334344334245216312324543534334612432342335138133453433444232235333335734453432334444344333233233
6463455254133425767437443525732574277475324335534643245257435672752533325442264472222415445353553344
3444441433244424243234243453234443433423544333434342354321414423132244353344334444424444134423324444
3227341243332133127723219423312222223552332444432842524743334262332434423323661522742662483244423124
2653545525345423594594452368936352393558548465678435266139595877958459365533495354955554345394323197
4422344513513413473473534156336654766422533334222623272344645453352346132124433255223335664424154343
3435323323345223238733246225277323333332346433541214443344131334314444444335533332324543322313622455
4333353345122143622462314344243347122335833437434324434221226823643144631423444424444435244424426753
4764364353574747413973333394245858313182555595238255222614545629323737165526365585467265523535339283
6432243444423444434446494423443444444343463344234224223434344444352433442353444524444323943334333423
6444444444444424543443744449444339353443442753432963344448571941446344453344646444394244544473242233
5555446444453757866666548465444644545655724545325645674437547468783554754626745475464265545536656365
5665855768869564667868769989968857755239657675768858767777867774365699567955265698589986976766598896
2324423414221332532524472268734263632235632252213212512222122252332233252532432412252243133522233533
4164562224435214454331234144352131224334333332352242242242333332232123345342234344443334321342423236
1642737234334483252453335233153353531373333443233537452442512365342533254324234412535363453653234333
4626225242236343444244443253214265233324121222262314224344622324443453132212323236235562243323254512
2626572643566123222222142373222312232226362225224221422225123232225634232224122621239123244222522242
3332324383233755323232333223333233335525223533451656333313327131363123323443564315236532332331323242
1342732443442344263423337324424434443443334244433443443334415443115424254244777424433734347323332332
2233334433233223223332323145233223212383338432312622483334132333333182322313431242231342424337412352
3128211152546222222432223222126462141222155223522232424622242224122242253325122132124232224422212321
3232374443453732334354535343344323333322633373333353538324334643343437535331333333332335232334662433
3212232143223227132531223321222324242251222452122313123222214362622422238212323213321122232324212222
3322122422432232122213242212332227322233223433213541352244655362522422221345222132211342345443523231
4342224225322231322233242241355425442452234224224462234234346212132437514325413331453325354511512332
5345222645515552423764124821424235523344134273221653423334757222243844552222152332826848235524272545
