2171043
7290018
7334264
8343982
8388027
6004322
13141407
6386748
11748207
11286877
8763383
14372270
348705
14177269
9222814
2960580
3136590
15676060
12967422
13106451
754336
9447000
14268646
5196334
4178755
14121309
13083296
5625882
3223343
3321354
1580879
10120598
16329332
6133666
11058782
6417906
11623971
6002379
14751209
12015272
8546827
6100892
14059655
2137692
6439553
9850188
15570897
11543681
352662
1712684
4530554
428178
11660136
12194415
14627267
15524493
455155
7925647
16152662
6214205
8123759
1946049
2621350
12477665
12376693
7272118
10345990
14218937
9377358
15180392
13647545
16047405
2521931
5269796
1088305
6655119
756405
15504148
542147
15935167
14067416
12966608
6468099
10148950
5246374
7031613
16654295
12881339
3785479
12056289
9738317
13222352
266284
10839371
15622666
8702710
8651591
12571595
10045945
7150998
15034332
9875154
11935685
6362016
2980665
12442267
16095049
7346969
8362471
11203990
13507830
16085295
12399042
10962684
787942
4570174
7948318
4829571
3770584
11344803
13972355
15926983
8519476
2390385
5444824
13653302
2271118
16074165
519021
15872410
6904295
3494504
8819185
14751834
1432661
16363496
8961915
14709344
15110232
11430259
9010917
15911028
12157310
7171363
4921140
13209134
9316503
536728
1816903
12359248
4253425
9996489
12290322
2798952
13956784
7687501
3592825
7663549
13675384
12235751
12776296
12615069
6485287
16295202
9780490
11943608
9859206
377990
12500200
4146171
6124320
164628
1864582
11919564
2991040
4630430
1466455
4409810
3754800
8483568
11622943
7918256
10274046
7891918
13680289
11279878
702812
1658228
1338377
16541168
4991740
13451338
227795
6150129
11549237
6618521
13632736
10215350
11326592
15247649
1954602
6441350
14983314
3392693
4736510
6429035
14896943
2932573
6368701
14983220
7750377
10301656
12039951
14558548
15083717
13113605
6647548
8318318
13878464
8099357
9949391
11375332
3324665
7531164
4259197
2408779
6853671
12953936
4530240
16136156
9072055
661783
7018069
8413978
16496333
11065249
12820541
5528823
14010116
9586912
6527099
8996202
16446874
992439
12797631
12899908
10210101
4291574
5586281
14816354
2677072
5944824
3576508
14608602
4672436
16090791
7765384
1257182
15285807
15646533
15804136
15460632
15781411
15501313
10622601
9141308
5539865
13058814
8465740
8795673
1224961
12888190
11555142
5988929
8172591
2557075
13852409
1482884
925343
2729713
7453766
9445379
14526568
15542902
15932102
12346479
7748246
11481420
12785539
9503816
603415
10770874
14939490
6334323
6406527
6335559
2401672
3266375
16728036
9147166
13671591
16180653
1052196
8249961
4521357
12214566
6652715
8505055
5359489
13230536
15016694
13768854
10932641
1849409
9056326
9433626
867144
16287174
9892327
12991380
16245636
652163
7968441
2139652
3976931
9415602
1616002
15286182
15571540
4685529
1095100
14096068
10519451
5570280
16728427
8216767
11358873
2662678
2314527
474436
4123377
13111319
13305862
12171109
6527448
574533
15975943
5518528
14491735
610229
6690439
4426677
8654411
12829386
1273726
3000918
10738979
13298701
7217696
3274175
5739214
2415936
912973
16265847
4201632
5867915
9839756
11186068
14282403
12127878
7346987
11994482
1680792
1602942
9870774
13140802
12503091
570588
12635558
1376745
11378213
5131504
3621808
14316579
4075863
10352776
4847064
5808523
12496443
13376209
983743
12757154
12759884
6781414
15059549
14567882
3925175
7580170
12659377
3747582
520182
10723925
3145589
14667748
15446609
16003514
10785342
4259085
15172993
15234278
12328944
7742731
12246361
13540151
14767276
852121
9824515
16641350
8532930
11619575
151684
2648852
8493432
12434268
14705723
11132089
12706756
8928937
13244100
2215866
15307060
4963105
4868616
4966062
4865447
1309878
1553766
4620770
12746342
12993569
4967602
11501502
5447307
6361052
2254187
14548096
6962326
15972649
10791078
10765203
10690103
10918956
8154220
6036315
9978708
14856832
14945720
10590110
3774575
2524835
4850923
9005308
2268767
11094588
4577431
6529537
1713518
8031849
3925348
14962198
3325892
1829356
16729463
6004138
11498985
7002779
1017090
4582945
14117907
7723841
10013867
12109301
7674544
7424718
1948761
16696907
2772097
9175732
4444461
2913749
8012631
7460410
4673517
14032235
13430305
15564981
7811266
10176482
14349040
357042
15225341
5111082
4464882
15498097
16096473
14337602
625991
12212828
13047887
6931971
13878541
1640640
649905
11905742
4715169
9966680
14140031
9140560
11280280
333118
7356650
13095276
14263165
12280364
10615938
13209092
4902096
12598050
11087915
5820416
11376974
14557510
7456993
2395726
1069010
6013146
6511578
11577571
9217195
14634331
16756074
15783367
7740531
3632378
10837920
9649744
6567157
761323
5020866
4165965
2867920
13206159
1840583
200359
4813032
2864832
3958455
957271
696289
9506395
477709
16405256
9534234
13209766
7362718
1767619
12722626
9679619
15612938
12245781
8495324
1940798
329385
6657012
13322737
15554505
13376461
12907106
12912008
4929052
5109389
10837320
959294
3441360
7398074
4341102
3219361
11740433
11801414
12792240
10902696
6012287
4887131
3460504
16322776
12615915
8548724
11719037
566750
1910532
2619949
11709689
492898
10991464
2882309
4901669
10405296
5328535
8170769
8836242
10181285
3238586
15341744
3639058
4173332
16225389
14141046
9429175
4116654
4376157
12476153
13736771
7671055
15508996
9995996
14870823
6520186
7675027
11641913
6371031
525625
4140992
11314895
13738934
171136
6486851
2733166
4181812
15520781
6394730
2787048
15624699
1419392
12678306
6166334
9716214
2799573
2054304
12000006
12770292
9728268
10294605
8522752
7100505
615000
3416516
7509574
568050
7475415
2158408
1048371
8454712
8466713
1717614
10974432
2726370
11881776
8601228
10701867
9615459
10436442
5251568
15960201
5763384
15923892
10254724
7216484
14892903
1061273
13608448
11674476
10192508
14943920
7937348
9219407
5733756
3560914
646918
4941147
3606760
1882157
2896565
16451824
11878343
8478518
14009126
16189015
2065908
8494879
11823004
10536243
14132367
15835030
8266382
12501255
9112135
7109568
7971764
12900170
13068711
3550277
9687308
15710007
4908284
15870848
4407207
14217210
7247779
841628
994956
4248067
2516119
5921943
2847048
11098408
1895438
2774000
8784496
11155143
10610344
4746408
2956732
4482191
16252499
2240556
13095781
10973544
4572287
13134462
4329457
11860461
7562359
7449031
6957748
14609444
15141087
243278
2133808
6603408
14816859
4688731
346013
7582827
12512278
14823312
11304711
4575122
14612398
1604242
2104521
3040252
8639857
16728789
3379046
5859245
4377147
12727213
9561958
6245574
8196725
5995939
3772727
15460602
6017984
8862804
5223658
16301497
5608891
11243988
10600755
13654651
12008440
12292859
2916883
8543776
4448498
7267688
6408277
5728457
11112710
14797706
2480951
12989597
8371940
15724370
10702492
3610821
15792621
6350220
1661785
14874215
16491496
3388733
12536453
10386091
550979
14939041
10816808
766688
879803
10076597
11580654
10557270
16487358
4024167
2852457
10540840
16041244
318917
1373889
13676830
7320545
3309732
7379920
13098174
7520545
1227891
14631724
7029040
12371287
13236701
9093353
1949145
12985780
2202153
2563759
10148261
8041024
3512354
16616707
7897475
6061586
11703666
2724052
8340556
4517390
7782216
16085951
14014754
14249424
13384220
16378836
5363069
1834785
15505226
10454344
778374
4042819
1727272
12104447
12515779
14092759
10398476
6684596
13998356
13100980
8317843
1635875
14058702
12433959
5059652
13607088
700457
9486429
2689387
11302359
1423223
14213776
4752320
4324337
14125153
16514184
16114225
14356954
1200707
9687150
467133
11182203
2446533
13811912
11565823
13394021
579888
15970155
9328030
9800787
10247308
5826742
4569714
1759933
15166768
483136
15657899
8999831
11548050
9129495
15685080
3197113
16142133
3070052
1168163
15758744
584456
13090271
1734284
8782508
737308
10593756
5791824
1941499
14851471
16308225
5378073
14204515
4685916
12981212
14131689
14423398
16462167
280676
15004420
10414475
15544786
16022617
15605867
9310935
13833810
4499713
2665415
11735377
2248075
758854
8065465
1500193
1252898
15068808
11022589
2196611
13057759
3130781
2471849
7429532
8891102
3113596
5130032
8665849
10585279
8158185
8338387
16623268
10438977
2367279
7427142
3283615
7305619
8049265
2156103
10003931
10092652
12264336
14622742
11956191
8491389
16207041
3934324
15201742
11356357
3368495
15381266
13491389
7143019
6695850
11034870
1641983
4240169
4362351
8333191
1613685
10729665
12159604
11999372
3228131
13553903
13089853
8770934
3202777
10906374
13613415
11387883
16669917
11986161
14053463
13550706
14723152
1420906
6898778
5116338
5175242
16403753
3418222
246422
2521262
6907265
2932079
4585264
10365469
6712321
1595429
2155250
11830970
5689874
9354668
1002059
5238308
13836276
6900051
8812940
10654642
12599890
1349280
4375081
6190458
3706780
11229045
7532113
6144913
1565034
1960377
2577394
6340659
604103
10869681
7468043
16641127
6313632
8045433
13225042
7999191
16433326
1678955
5166024
7989646
10841607
15266366
13197834
5913763
11871986
14931140
10129589
10538249
9110792
16521658
8833333
2667831
13646952
11833856
1223661
6964950
12641449
4488662
6425238
7900709
15690864
9709098
11813674
1525640
12522212
1354016
5377431
16536189
15271628
13772027
11872484
2015464
10056697
650362
220993
11486176
14752693
5161306
16213969
13595886
1397764
3358514
8539104
10107411
3025718
7981936
3106625
10551528
1810626
14368806
6741149
4448195
2199920
7860407
6134105
376839
8993503
1376817
3782070
15519838
8433890
4251368
14827427
8568375
14538142
6809477
15936930
9834664
3040077
629825
16016879
7651698
12409668
12130580
4997333
9928976
12595551
1952014
14595848
7564657
5880862
13443271
8864093
5783116
4077733
15372241
3883565
766719
13331831
14800546
11685149
4221521
12025604
4377353
12757978
12130739
2076007
11020929
766169
8555816
12237358
11229433
6526918
3989452
286117
9988565
14983869
9783638
6076252
9330098
5746248
5572683
4585645
1635138
13762589
2573981
6804086
609762
3406712
5145790
16462899
7239726
7962690
11545963
12809321
13037014
16610981
11385561
16491452
2514496
10935797
4168262
3797820
11774262
13515083
879479
1686544
10610931
5293512
10559555
8101253
10843752
3218110
8965470
13125577
16740488
7798979
10295216
9303831
2613719
4890425
15233236
1967652
14439291
3612096
16163094
923820
3528280
2678198
343276
8948185
9725093
4732182
2678560
2062060
6704318
15967455
13997790
6420241
15016911
3524483
1614238
10221253
10604547
6841574
2880330
9009468
4491769
13913861
942880
8423044
14579469
2609552
1552576
4731610
9215491
5627271
692829
12612739
2005136
904506
9120359
4588287
5136891
5380884
2598906
8482303
3936511
10943270
4354349
8963491
4060370
15538805
4096204
291290
1078791
4084967
13568319
7712125
458662
15978736
15981616
12915923
11142816
13519903
3041609
2555790
1945961
4686604
9942422
669201
8358425
6053755
3983418
14602755
14526241
12135940
9861092
6009963
12100657
12031769
12453376
16611753
13576813
10803941
4243642
13358697
15624101
13244994
2042628
8653451
8661925
450021
7115075
3860566
599110
15203750
13638104
5028345
5064760
281097
942510
7345500
1085685
7177990
9346523
1182100
9439637
1988245
4690908
14791189
7243171
4026485
12058945
9858203
6050897
924003
8927608
8851571
425137
3945251
1885269
12489233
9157326
9752225
5507321
9471613
5965511
659156
978768
13805567
10621464
2419721
14005441
14914231
3030922
8675575
3721121
16434538
5063478
2978583
2662122
12384949
8856888
11922315
12677378
12857910
6086317
8215385
1383386
4547000
9533600
12511658
8467004
9076123
15102838
12878670
10165576
14296775
5013117
5324045
11515114
13909341
2758158
10771445
15087294
7232301
8298140
695622
4040483
16509292
11984892
5535885
5534777
8803275
2519262
13139718
2925917
15962401
8616810
15880594
5206797
9550121
15551365
11102007
10764915
11018427
4524583
1040265
3314843
10750893
4053453
14781242
4154132
4364115
13427381
12859296
391675
938735
11707724
3734801
13758864
8447715
16628150
3148213
16662328
1712262
446481
929728
9449033
8339870
1104231
7980234
15246392
14299218
10125581
5004729
7639223
7950648
1442917
408692
1210601
1556880
4110246
11159700
3361865
9911887
13274239
9629521
5323221
4670910
15949583
12642023
9509903
5408671
15335881
4228119
12767667
3224497
15240529
7529093
13367165
12481077
8169908
7649337
3468311
12627654
3071352
214774
246317
16340282
15051105
10277055
15543513
11355040
968695
16739696
14084080
15543708
12220905
10134354
9467725
14499162
8110002
14815512
7939606
14991147
10541283
6849293
13580270
13436830
5090720
12157924
15565383
12391006
520911
5358107
8116885
14267274
11675800
16071130
2203319
16734069
11731129
8130227
343766
15926989
10779189
9915914
6437686
15278349
11861441
3651448
12260257
3964394
13772109
7684608
4637133
2392560
10646721
11262163
7965381
15621142
15152638
8521210
9452906
189234
9417183
1940035
14863467
6177925
15214286
1463744
9242709
3170647
11460406
13301824
9108017
13757104
13015501
4825939
11788268
403624
1097560
793780
4679915
272492
3967044
7153230
9886307
3187306
8639461
11926929
11206595
1391166
7397096
7091262
2685692
16272912
5556722
8248993
4481722
4195301
16171011
12501954
3264639
3267376
655748
1141002
4503096
15208571
2218150
3336634
5613922
12026451
3338439
2117785
11755705
5276446
12867909
5389655
6453358
11187275
14352212
10679399
12072769
876171
3159501
13786444
12944446
8257869
147768
9768402
8911014
3566482
16733348
10767874
15756159
10719844
2700527
8935025
11461462
7575517
7030683
10819069
1632067
16562559
480034
2429680
14452910
2615275
8457534
2808670
4195397
15922609
15522387
9414265
1099907
9701544
14036113
10015412
12798842
16405218
10275901
4372393
923382
3157654
2113697
6262006
9208272
4998545
14847522
9110944
6084142
4211192
1621238
7512045
15943280
11996372
8325309
5820731
8955162
9394392
7231326
6046176
16705118
14958151
9142303
7255037
5180369
4206948
2496263
8994497
15088609
11364628
13412136
5039037
8578475
11780235
5606502
4041398
1007483
16627391
2928095
7485337
14766260
2947654
796911
320325
9392093
7018975
12137826
9816135
11911577
14269037
8458511
249315
1607080
9368698
11546543
10533700
3613333
3286687
13702762
13553737
7513954
8464673
15908085
15838708
13343648
11666182
14011354
12565575
5325166
13321097
12129212
8670016
15714639
11945350
14211109
13555306
16221550
14536380
3697806
252855
3325866
10007590
6017008
3882044
5874666
7342241
5621097
13964743
277879
2067764
4125403
277625
11096716
781294
10755250
6166800
6417445
3938561
4729686
5550310
1081563
14811979
2653922
6772071
749551
1480363
1156125
10295104
1252562
1286595
11660718
15147919
15164243
12334810
2894295
14615524
8460315
10941993
16564965
11275061
10559606
2148585
7824096
4888222
4496996
2291888
16039099
8066873
11825816
11231308
6335144
12113750
892055
11889489
1203398
9711322
5959979
6392261
725433
2379251
3233886
1642291
372317
2895807
7790005
6793514
3385031
4441658
1238720
10996419
8250533
10320507
4646154
13552211
16171226
916979
5492806
9684379
2657270
12044429
1383430
12488949
7833097
10615080
12918897
14252282
10634724
5601389
3012448
4654318
12869051
7792066
6716907
4414687
11678362
15794610
8639918
15055340
7954669
5625176
309322
15086476
8013263
11073748
15268410
3424973
12136070
12788080
1669055
7667341
2609422
2617253
9473731
1376948
7916827
723981
3828366
2449901
2394239
12686598
9005512
13188920
4880185
13573067
224175
3843032
8729354
14793688
5434992
6019222
2445985
12832854
12627309
430143
2101744
4744916
2056891
16203352
992888
5544334
4977256
9458103
6674351
8756267
6524937
10164313
12789735
12351774
4345547
8636994
16695641
4757926
7039386
9743765
1697826
2515930
12634910
6692894
12718385
9570098
1756193
9589677
16536155
9393568
16224641
16387162
9618609
2358129
13512972
7480210
12483477
8984603
5443011
7602767
9366468
11078491
5597072
7524663
7522773
9828905
16160786
1540267
12550770
3355517
2100515
5428677
2010033
2040625
2941376
3786309
8198577
9580254
10262134
8658222
10075315
9489209
12282588
12107344
10352534
1230099
5718418
15800731
16172687
1797634
15451928
9912629
9740978
13745815
10895663
11501713
9147052
15928571
11495355
16760998
8652738
12157936
4184293
9897795
11465456
13746518
11206674
14163751
8164479
10809765
8517964
472315
11783260
8076557
7563564
13552819
1162681
14196894
8598193
14865412
8012133
13461272
13183310
2378662
9663122
6408176
16288884
9808644
10050954
14613679
357091
8059554
7404023
1634979
13563570
14023217
1562415
15077088
13078111
10447244
4236072
9898370
15573834
2668871
2596898
13324602
2109912
9017692
6131082
3450495
15506157
3785912
10096858
2784231
9914572
13848547
1218418
7621812
12212802
12061172
3112422
7045371
7347663
10560050
10043180
2225550
16526021
15029313
2292357
8127042
2209693
16712154
10022151
4024630
14631542
12295427
1437409
3428958
7178839
914080
15513732
10292663
3964163
10793964
8584180
4151677
16473423
7804893
1525385
14958068
9287788
9221369
13658757
12776310
16282944
8290866
14670254
14733054
16549601
9180068
3937863
7391892
9286218
4329403
6232450
1519563
13106904
9372744
12151176
15880159
1859725
15747698
11628783
6391013
12646916
2080266
4559223
474932
391627
9075174
10104699
3295001
3738450
15036744
13407866
7805675
7472598
13768442
5493934
12599722
9362288
10280950
9271174
8075365
16033606
10254800
12261449
1593894
15364878
13321925
6408974
11293756
3158315
14021526
6774168
7536984
16597364
3717016
3062627
13906559
8544835
7704408
13650834
12907112
9463164
14690085
7698465
7572641
12751208
1732228
8208133
11090618
10086038
2441512
11430285
9862274
5584559
3350359
9582477
1440403
16327409
825385
824947
2863448
8178693
8021194
1620880
8782870
8503141
12187438
15188075
6490298
14155689
14528833
13236984
2753427
15260983
12090695
4701724
3580838
13476447
4984477
3421163
11956691
7618902
1883244
5672539
4603077
7707329
6445020
8259650
5742158
7630889
9721490
3572409
10314434
16479859
12943857
5574119
15619304
11372688
1475927
14988151
15222511
12513719
10435347
15691765
9963588
8708144
1022538
8106574
11669022
6094104
14442765
6091190
15007528
4393643
3069734
10036508
2817760
14051499
16365792
15208531
13617422
4656335
4456181
5280995
13141510
7760810
6155076
10902374
13054825
14287989
1749636
9326876
13817770
7519948
14029644
14116907
7937703
8422673
1641497
8309464
7205008
10547000
8005060
3014291
5039998
16666785
589776
3358382
7465256
4779891
13246857
12405480
7970455
2878469
10798989
5892078
11331829
16366362
2773624
12188238
14089743
6018422
8262391
12602136
8885948
13902280
9697829
15807443
4059638
13163292
4183387
13723921
5218093
13204750
16673544
6380357
5676608
10368884
11885803
5365777
9886049
11678923
855118
3307160
5509697
5025939
12116038
2564814
2141685
11306182
6215149
12839444
12799802
14941937
11788460
1245651
12628753
194023
10722875
9374454
2485515
9254855
11313372
14009993
10808608
2452717
3214239
15320031
8682886
13885101
9273836
7541486
16241037
9670641
3024543
2634158
9294981
10852742
15030569
13540458
14419529
6263719
8479195
10337048
167998
13781343
