-1
-7
-5
-16
-2
-11
-17
+14
-8
-5
-7
+8
+1
+13
+6
+7
+15
-5
+15
-16
-1
-16
+19
-6
-19
-2
+6
+16
-11
-19
-17
-8
-5
+8
-10
-5
+10
-13
-4
+5
+18
+8
-18
-4
-6
-14
-5
+8
+5
-18
+6
-7
-12
-5
-1
+16
-19
-2
-13
+4
-5
+2
+2
-10
+17
-1
+17
-5
+9
-10
+12
+20
+17
-12
+9
+16
+14
-20
+3
+15
-2
+12
+1
+17
-13
-2
-6
-8
-3
+18
+21
+11
-20
+18
+7
+19
+17
+17
-15
-8
+19
+1
+9
+11
-15
+19
-14
-2
-17
+11
+16
+14
+16
-3
+14
+15
+2
-19
+3
-10
+3
-11
-13
-16
+10
-7
-12
-6
+3
+13
+7
+17
+17
+3
+7
-19
-2
-10
-3
-9
-11
+16
+6
+8
+15
+16
+7
+4
+8
+5
-12
-6
+8
+12
+5
-11
+17
-1
+5
+12
-19
-7
-11
+9
-12
+5
-3
+8
-13
+12
+10
+3
-7
+18
+3
-11
+6
-2
+14
-4
+16
+12
-3
+13
-18
-13
-1
-10
+15
-3
+6
+19
-10
-10
+6
+8
-5
-4
+17
-5
+18
-2
-9
+7
+8
-7
+4
+13
-15
-4
+8
-19
-3
+13
+13
+6
+3
-7
+14
+6
+20
-4
-17
-18
+20
+1
+19
+14
+10
+10
-5
+7
-19
+10
-17
+18
+9
-11
-11
+18
+18
+15
-11
+10
-8
+19
-5
+7
+6
+11
+18
+4
-17
-18
+8
+15
+22
+6
-10
-1
-24
-18
+13
+9
+1
-15
-1
+21
+24
+5
+29
+22
+13
-10
-12
-15
+32
+15
+17
-12
+4
-12
-10
+1
+15
+15
-11
-9
+18
+6
+6
+11
+1
+18
-13
-19
-16
-15
-3
+14
+5
+18
-6
-9
+1
-24
-25
-5
+10
+11
+30
+15
-19
-4
-3
-17
+15
+31
+20
+18
+8
-4
+10
+15
+16
+9
-16
+8
-11
-7
+8
-10
-24
-1
+16
+16
-1
-16
+11
+4
+3
-15
-7
+46
+8
+18
+14
-10
-11
+14
-21
+24
-12
+22
+19
-10
+17
+15
+9
+9
-20
+19
-13
+20
+12
+17
-10
+17
+4
-14
+17
-12
-16
+19
+14
+17
+9
+18
-20
-11
-5
-7
+8
+5
+19
-3
-14
-1
-13
-9
-3
-11
-6
-19
+4
-1
-2
+17
-19
+8
-14
-16
+7
-27
+1
+23
+5
+4
-3
-2
+23
-20
-20
-19
-19
-2
+16
-9
-26
+7
+23
-18
-16
-9
-27
+2
-51
-11
+25
-12
-9
-32
-58
-18
-11
-8
-27
-12
-20
-16
+11
+17
+5
+41
+72
+29
-215
-9
-5
-18
+17
-8
-8
+14
+15
+21
-5
-30
-19
+7
-55
+17
+41
+278
-1165
-61530
+16
+7
+14
-6
-11
-21
+16
-13
+7
-24
+10
+2
-18
-11
-7
+19
+6
+4
-19
-17
+15
-21
+17
-1
-4
-15
+4
+13
-23
-20
-6
+7
+9
+4
+11
-9
+11
+13
-6
+21
-22
-49
-14
+11
-19
-3
-22
+26
-5
+7
+21
-14
-3
-16
+22
+24
-8
-14
+46
-4
+13
-4
+60
+1
+14
+11
+7
-19
-43
+10
+5
+31
+27
-185
-38
-7
-12
-19
-18
+19
-11
+12
+3
-1
+10
+2
-21
+22
+10
+5
+14
+21
-27
-11
+6
-9
-14
+16
+5
+12
-9
+18
+4
+22
+4
-7
-7
-36
-43
-14
-19
+4
-10
+19
-11
-17
-5
-18
-6
-11
-9
+22
+19
-18
-24
+7
-13
-29
-15
+14
-1
-26
+8
-20
-21
+14
-8
-21
-21
-13
-3
+2
+2
+7
-6
-17
-6
+8
-4
+11
-25
-17
-15
-15
-4
-11
-4
+17
-8
+1
-13
-12
-7
-16
+6
-16
-19
+2
+5
-1
-14
-1
+3
+5
+13
-14
+11
+6
-4
+10
-20
-14
-14
-14
-6
+8
+13
-9
-16
+8
+14
+1
-16
-14
-8
+4
-15
+14
-11
+17
+5
+10
-14
-13
-1
-2
-13
+18
-11
-5
-13
+1
+14
-6
-16
-18
+12
+7
+1
-7
-8
+2
-4
-1
-16
-5
-12
-12
-5
-12
-5
-17
+20
+6
+11
-6
-7
-1
+7
-14
-19
-18
+16
-7
-8
+1
+4
-10
+1
+6
+2
-6
+12
+17
+1
+5
+19
-11
+12
-6
-2
-7
+1
-7
-9
+11
-12
-16
+7
+8
-12
-12
-5
+1
-14
-12
+7
+15
-11
-9
-9
-11
+17
-1
-19
+15
-18
+13
-14
-14
-17
+16
+17
-13
+31
+13
-16
+24
-6
+9
+1
-16
-19
+12
-19
+18
+17
+27
+11
+6
+2
+9
+13
+7
+8
+17
+17
+3
+10
+7
+20
+10
-13
-2
+9
-11
-1
-5
-11
+10
+29
-9
-17
-7
-7
-6
-15
-21
+12
+12
+2
+2
-17
-6
+9
-12
+14
-9
-13
-3
+1
-13
+29
+7
-11
+5
+16
-27
+24
-23
-4
-7
-2
+62
-17
+38
+9
+10
+4
+21
+29
-19
-7
-17
+29
+47
+11
-2
-17
+4
+25
+18
+14
-18
-10
+22
-3
+6
+13
+11
+21
+19
-6
-3
+17
-26
+5
+18
-6
+17
-15
-11
-11
-5
-19
-3
+12
-19
-19
+12
-15
-13
+7
+5
-18
-1
-11
-31
+8
+5
+15
-2
+13
-12
-11
+37
+33
+9
+11
-6
-10
-19
-13
+35
+42
-38
+121
+9
-51
-31
+14
+69
+6
+6
+109
-152
-226
+25
-46
-11
+44
-218
-12
+17
+29
-7
+2
+11
-89
+290
-127
-152
+11
-5
-950
-61027
-6
-7
-2
-13
+14
-8
+18
+18
-31
-12
-11
+19
-16
-20
-2
+10
+19
-12
-21
-13
+4
+4
-17
+2
-3
-12
+20
+1
+11
+8
+20
-13
-38
-2
-8
-5
+16
-7
-22
-7
+6
-14
-9
-14
-4
-18
+17
-10
+14
+10
-7
+10
-6
+125648